5.568762 0.584815 10.327318
6.440062 0.170815 9.331718
4.680862 -0.315585 10.907818
6.414062 -1.149185 8.905318
6.505662 -1.439285 7.546918
6.552562 1.204815 8.408118
6.645062 0.909115 7.054018
6.621462 -0.408085 6.619218
2.962962 1.346915 10.867018
3.838562 2.256015 10.294118
3.372662 0.057515 11.177818
5.146462 1.873215 10.022918
5.754162 2.261815 8.838918
3.138962 3.021015 9.372518
3.739662 3.399615 8.177218
5.053862 3.022015 7.910618
1.311962 -0.828285 10.335418
0.891162 0.460615 10.025318
2.557362 -1.030985 10.913718
1.714862 1.547515 10.291118
1.817962 2.580015 9.371818
0.170862 0.400315 8.840618
0.279562 1.435215 7.914518
1.107562 2.523315 8.179818
2.911462 -2.919085 9.476418
1.659262 -2.718185 8.903618
3.362962 -2.074185 10.485218
0.853662 -1.670785 9.334118
0.142062 -0.919885 8.410018
1.747962 -3.011885 7.550218
1.048062 -2.249685 6.622918
0.237962 -1.200685 7.052118
5.538662 -2.061085 9.475718
5.091762 -2.906685 8.469218
4.680762 -1.642385 10.483418
3.770062 -3.338485 8.470118
3.058262 -3.396185 7.280518
5.691162 -2.530785 7.275918
4.981262 -2.577585 6.081918
3.658262 -3.011185 6.086818
1.219462 -0.584085 5.142018
1.654262 -1.875185 5.431618
2.963762 -2.252685 5.155418
2.120762 0.313115 4.572818
1.249662 2.048715 6.002118
0.353762 1.147715 6.558818
0.336662 -0.168685 6.129218
2.136162 1.634915 5.012818
3.906162 2.930315 5.998118
3.023462 3.350315 6.988618
1.707962 2.912815 6.990818
3.454362 2.067215 5.004418
5.499862 0.828215 5.134818
5.953962 1.686515 6.129218
5.161162 2.739415 6.557518
4.244262 1.014815 4.561318
3.848362 -1.355285 4.573818
5.100562 -1.554285 5.149118
5.920662 -0.468085 5.422818
3.424062 -0.070285 4.281418
