5.568762 0.584815 25.790287
6.440062 0.170815 24.794687
4.680862 -0.315585 26.370787
6.414062 -1.149185 24.368287
6.505662 -1.439285 23.009887
6.552562 1.204815 23.871087
6.645062 0.909115 22.516987
6.621462 -0.408085 22.082187
2.962962 1.346915 26.329987
3.838562 2.256015 25.757087
3.372662 0.057515 26.640787
5.146462 1.873215 25.485887
5.754162 2.261815 24.301887
3.138962 3.021015 24.835487
3.739662 3.399615 23.640187
5.053862 3.022015 23.373587
1.311962 -0.828285 25.798387
0.891162 0.460615 25.488287
2.557362 -1.030985 26.376687
1.714862 1.547515 25.754087
1.817962 2.580015 24.834787
0.170862 0.400315 24.303587
0.279562 1.435215 23.377487
1.107562 2.523315 23.642787
2.911462 -2.919085 24.939387
1.659262 -2.718185 24.366587
3.362962 -2.074185 25.948187
0.853662 -1.670785 24.797087
0.142062 -0.919885 23.872987
1.747962 -3.011885 23.013187
1.048062 -2.249685 22.085887
0.237962 -1.200685 22.515087
5.538662 -2.061085 24.938687
5.091762 -2.906685 23.932187
4.680762 -1.642385 25.946387
3.770062 -3.338485 23.933087
3.058262 -3.396185 22.743487
5.691162 -2.530785 22.738887
4.981262 -2.577585 21.544887
3.658262 -3.011185 21.549787
1.219462 -0.584085 20.604987
1.654262 -1.875185 20.894587
2.963762 -2.252685 20.618387
2.120762 0.313115 20.035787
1.249662 2.048715 21.465087
0.353762 1.147715 22.021787
0.336662 -0.168685 21.592187
2.136162 1.634915 20.475787
3.906162 2.930315 21.461087
3.023462 3.350315 22.451587
1.707962 2.912815 22.453787
3.454362 2.067215 20.467387
5.499862 0.828215 20.597787
5.953962 1.686515 21.592187
5.161162 2.739415 22.020487
4.244262 1.014815 20.024287
3.848362 -1.355285 20.036787
5.100562 -1.554285 20.612087
5.920662 -0.468085 20.885787
3.424062 -0.070285 19.744387
