5.568762 0.584815 41.253256
6.440062 0.170815 40.257656
4.680862 -0.315585 41.833756
6.414062 -1.149185 39.831256
6.505662 -1.439285 38.472856
6.552562 1.204815 39.334056
6.645062 0.909115 37.979956
6.621462 -0.408085 37.545156
2.962962 1.346915 41.792956
3.838562 2.256015 41.220056
3.372662 0.057515 42.103756
5.146462 1.873215 40.948856
5.754162 2.261815 39.764856
3.138962 3.021015 40.298456
3.739662 3.399615 39.103156
5.053862 3.022015 38.836556
1.311962 -0.828285 41.261356
0.891162 0.460615 40.951256
2.557362 -1.030985 41.839656
1.714862 1.547515 41.217056
1.817962 2.580015 40.297756
0.170862 0.400315 39.766556
0.279562 1.435215 38.840456
1.107562 2.523315 39.105756
2.911462 -2.919085 40.402356
1.659262 -2.718185 39.829556
3.362962 -2.074185 41.411156
0.853662 -1.670785 40.260056
0.142062 -0.919885 39.335956
1.747962 -3.011885 38.476156
1.048062 -2.249685 37.548856
0.237962 -1.200685 37.978056
5.538662 -2.061085 40.401656
5.091762 -2.906685 39.395156
4.680762 -1.642385 41.409356
3.770062 -3.338485 39.396056
3.058262 -3.396185 38.206456
5.691162 -2.530785 38.201856
4.981262 -2.577585 37.007856
3.658262 -3.011185 37.012756
1.219462 -0.584085 36.067956
1.654262 -1.875185 36.357556
2.963762 -2.252685 36.081356
2.120762 0.313115 35.498756
1.249662 2.048715 36.928056
0.353762 1.147715 37.484756
0.336662 -0.168685 37.055156
2.136162 1.634915 35.938756
3.906162 2.930315 36.924056
3.023462 3.350315 37.914556
1.707962 2.912815 37.916756
3.454362 2.067215 35.930356
5.499862 0.828215 36.060756
5.953962 1.686515 37.055156
5.161162 2.739415 37.483456
4.244262 1.014815 35.487256
3.848362 -1.355285 35.499756
5.100562 -1.554285 36.075056
5.920662 -0.468085 36.348756
3.424062 -0.070285 35.207356
