-1.231238 0.584815 18.058802
-0.359938 0.170815 17.063202
-2.119138 -0.315585 18.639302
-0.385938 -1.149185 16.636802
-0.294338 -1.439285 15.278402
-0.247438 1.204815 16.139602
-0.154938 0.909115 14.785502
-0.178538 -0.408085 14.350702
-3.837038 1.346915 18.598502
-2.961438 2.256015 18.025602
-3.427338 0.057515 18.909302
-1.653538 1.873215 17.754402
-1.045838 2.261815 16.570402
-3.661038 3.021015 17.104002
-3.060338 3.399615 15.908702
-1.746138 3.022015 15.642102
-5.488038 -0.828285 18.066902
-5.908838 0.460615 17.756802
-4.242638 -1.030985 18.645202
-5.085138 1.547515 18.022602
-4.982038 2.580015 17.103302
-6.629138 0.400315 16.572102
-6.520438 1.435215 15.646002
-5.692438 2.523315 15.911302
-3.888538 -2.919085 17.207902
-5.140738 -2.718185 16.635102
-3.437038 -2.074185 18.216702
-5.946338 -1.670785 17.065602
-6.657938 -0.919885 16.141502
-5.052038 -3.011885 15.281702
-5.751938 -2.249685 14.354402
-6.562038 -1.200685 14.783602
-1.261338 -2.061085 17.207202
-1.708238 -2.906685 16.200702
-2.119238 -1.642385 18.214902
-3.029938 -3.338485 16.201602
-3.741738 -3.396185 15.012002
-1.108838 -2.530785 15.007402
-1.818738 -2.577585 13.813402
-3.141738 -3.011185 13.818302
-5.580538 -0.584085 12.873502
-5.145738 -1.875185 13.163102
-3.836238 -2.252685 12.886902
-4.679238 0.313115 12.304302
-5.550338 2.048715 13.733602
-6.446238 1.147715 14.290302
-6.463338 -0.168685 13.860702
-4.663838 1.634915 12.744302
-2.893838 2.930315 13.729602
-3.776538 3.350315 14.720102
-5.092038 2.912815 14.722302
-3.345638 2.067215 12.735902
-1.300138 0.828215 12.866302
-0.846038 1.686515 13.860702
-1.638838 2.739415 14.289002
-2.555738 1.014815 12.292802
-2.951638 -1.355285 12.305302
-1.699438 -1.554285 12.880602
-0.879338 -0.468085 13.154302
-3.375938 -0.070285 12.012902
