-1.231238 0.584815 33.521771
-0.359938 0.170815 32.526171
-2.119138 -0.315585 34.102271
-0.385938 -1.149185 32.099771
-0.294338 -1.439285 30.741371
-0.247438 1.204815 31.602571
-0.154938 0.909115 30.248471
-0.178538 -0.408085 29.813671
-3.837038 1.346915 34.061471
-2.961438 2.256015 33.488571
-3.427338 0.057515 34.372271
-1.653538 1.873215 33.217371
-1.045838 2.261815 32.033371
-3.661038 3.021015 32.566971
-3.060338 3.399615 31.371671
-1.746138 3.022015 31.105071
-5.488038 -0.828285 33.529871
-5.908838 0.460615 33.219771
-4.242638 -1.030985 34.108171
-5.085138 1.547515 33.485571
-4.982038 2.580015 32.566271
-6.629138 0.400315 32.035071
-6.520438 1.435215 31.108971
-5.692438 2.523315 31.374271
-3.888538 -2.919085 32.670871
-5.140738 -2.718185 32.098071
-3.437038 -2.074185 33.679671
-5.946338 -1.670785 32.528571
-6.657938 -0.919885 31.604471
-5.052038 -3.011885 30.744671
-5.751938 -2.249685 29.817371
-6.562038 -1.200685 30.246571
-1.261338 -2.061085 32.670171
-1.708238 -2.906685 31.663671
-2.119238 -1.642385 33.677871
-3.029938 -3.338485 31.664571
-3.741738 -3.396185 30.474971
-1.108838 -2.530785 30.470371
-1.818738 -2.577585 29.276371
-3.141738 -3.011185 29.281271
-5.580538 -0.584085 28.336471
-5.145738 -1.875185 28.626071
-3.836238 -2.252685 28.349871
-4.679238 0.313115 27.767271
-5.550338 2.048715 29.196571
-6.446238 1.147715 29.753271
-6.463338 -0.168685 29.323671
-4.663838 1.634915 28.207271
-2.893838 2.930315 29.192571
-3.776538 3.350315 30.183071
-5.092038 2.912815 30.185271
-3.345638 2.067215 28.198871
-1.300138 0.828215 28.329271
-0.846038 1.686515 29.323671
-1.638838 2.739415 29.751971
-2.555738 1.014815 27.755771
-2.951638 -1.355285 27.768271
-1.699438 -1.554285 28.343571
-0.879338 -0.468085 28.617271
-3.375938 -0.070285 27.475871
