-1.231238 0.584815 2.595833
-0.359938 0.170815 1.600233
-2.119138 -0.315585 3.176333
-0.385938 -1.149185 1.173833
-0.294338 -1.439285 -0.184567
-0.247438 1.204815 0.676633
-0.154938 0.909115 -0.677467
-0.178538 -0.408085 -1.112267
-3.837038 1.346915 3.135533
-2.961438 2.256015 2.562633
-3.427338 0.057515 3.446333
-1.653538 1.873215 2.291433
-1.045838 2.261815 1.107433
-3.661038 3.021015 1.641033
-3.060338 3.399615 0.445733
-1.746138 3.022015 0.179133
-5.488038 -0.828285 2.603933
-5.908838 0.460615 2.293833
-4.242638 -1.030985 3.182233
-5.085138 1.547515 2.559633
-4.982038 2.580015 1.640333
-6.629138 0.400315 1.109133
-6.520438 1.435215 0.183033
-5.692438 2.523315 0.448333
-3.888538 -2.919085 1.744933
-5.140738 -2.718185 1.172133
-3.437038 -2.074185 2.753733
-5.946338 -1.670785 1.602633
-6.657938 -0.919885 0.678533
-5.052038 -3.011885 -0.181267
-5.751938 -2.249685 -1.108567
-6.562038 -1.200685 -0.679367
-1.261338 -2.061085 1.744233
-1.708238 -2.906685 0.737733
-2.119238 -1.642385 2.751933
-3.029938 -3.338485 0.738633
-3.741738 -3.396185 -0.450967
-1.108838 -2.530785 -0.455567
-1.818738 -2.577585 -1.649567
-3.141738 -3.011185 -1.644667
-5.580538 -0.584085 -2.589467
-5.145738 -1.875185 -2.299867
-3.836238 -2.252685 -2.576067
-4.679238 0.313115 -3.158667
-5.550338 2.048715 -1.729367
-6.446238 1.147715 -1.172667
-6.463338 -0.168685 -1.602267
-4.663838 1.634915 -2.718667
-2.893838 2.930315 -1.733367
-3.776538 3.350315 -0.742867
-5.092038 2.912815 -0.740667
-3.345638 2.067215 -2.727067
-1.300138 0.828215 -2.596667
-0.846038 1.686515 -1.602267
-1.638838 2.739415 -1.173967
-2.555738 1.014815 -3.170167
-2.951638 -1.355285 -3.157667
-1.699438 -1.554285 -2.582367
-0.879338 -0.468085 -2.308667
-3.375938 -0.070285 -3.450067
