3.809997 5.246617 15.279813
4.681297 4.832617 14.284213
2.922097 4.346217 15.860313
4.655297 3.512617 13.857813
4.746897 3.222517 12.499413
4.793797 5.866617 13.360613
4.886297 5.570917 12.006513
4.862697 4.253717 11.571713
1.204197 6.008717 15.819513
2.079797 6.917817 15.246613
1.613897 4.719317 16.130313
3.387697 6.535017 14.975413
3.995397 6.923617 13.791413
1.380197 7.682817 14.325013
1.980897 8.061417 13.129713
3.295097 7.683817 12.863113
-0.446803 3.833517 15.287913
-0.867603 5.122417 14.977813
0.798597 3.630817 15.866213
-0.043903 6.209317 15.243613
0.059197 7.241817 14.324313
-1.587903 5.062117 13.793113
-1.479203 6.097017 12.867013
-0.651203 7.185117 13.132313
1.152697 1.742717 14.428913
-0.099503 1.943617 13.856113
1.604197 2.587617 15.437713
-0.905103 2.991017 14.286613
-1.616703 3.741917 13.362513
-0.010803 1.649917 12.502713
-0.710703 2.412117 11.575413
-1.520803 3.461117 12.004613
3.779897 2.600717 14.428213
3.332997 1.755117 13.421713
2.921997 3.019417 15.435913
2.011297 1.323317 13.422613
1.299497 1.265617 12.233013
3.932397 2.131017 12.228413
3.222497 2.084217 11.034413
1.899497 1.650617 11.039313
-0.539303 4.077717 10.094513
-0.104503 2.786617 10.384113
1.204997 2.409117 10.107913
0.361997 4.974917 9.525313
-0.509103 6.710517 10.954613
-1.405003 5.809517 11.511313
-1.422103 4.493117 11.081713
0.377397 6.296717 9.965313
2.147397 7.592117 10.950613
1.264697 8.012117 11.941113
-0.050803 7.574617 11.943313
1.695597 6.729017 9.956913
3.741097 5.490017 10.087313
4.195197 6.348317 11.081713
3.402397 7.401217 11.510013
2.485497 5.676617 9.513813
2.089597 3.306517 9.526313
3.341797 3.107517 10.101613
4.161897 4.193717 10.375313
1.665297 4.591517 9.233913
