7.111034 0.584815 2.595833
7.982334 0.170815 1.600233
6.223134 -0.315585 3.176333
7.956334 -1.149185 1.173833
8.047934 -1.439285 -0.184567
8.094834 1.204815 0.676633
8.187334 0.909115 -0.677467
8.163734 -0.408085 -1.112267
4.505234 1.346915 3.135533
5.380834 2.256015 2.562633
4.914934 0.057515 3.446333
6.688734 1.873215 2.291433
7.296434 2.261815 1.107433
4.681234 3.021015 1.641033
5.281934 3.399615 0.445733
6.596134 3.022015 0.179133
2.854234 -0.828285 2.603933
2.433434 0.460615 2.293833
4.099634 -1.030985 3.182233
3.257134 1.547515 2.559633
3.360234 2.580015 1.640333
1.713134 0.400315 1.109133
1.821834 1.435215 0.183033
2.649834 2.523315 0.448333
4.453734 -2.919085 1.744933
3.201534 -2.718185 1.172133
4.905234 -2.074185 2.753733
2.395934 -1.670785 1.602633
1.684334 -0.919885 0.678533
3.290234 -3.011885 -0.181267
2.590334 -2.249685 -1.108567
1.780234 -1.200685 -0.679367
7.080934 -2.061085 1.744233
6.634034 -2.906685 0.737733
6.223034 -1.642385 2.751933
5.312334 -3.338485 0.738633
4.600534 -3.396185 -0.450967
7.233434 -2.530785 -0.455567
6.523534 -2.577585 -1.649567
5.200534 -3.011185 -1.644667
2.761734 -0.584085 -2.589467
3.196534 -1.875185 -2.299867
4.506034 -2.252685 -2.576067
3.663034 0.313115 -3.158667
2.791934 2.048715 -1.729367
1.896034 1.147715 -1.172667
1.878934 -0.168685 -1.602267
3.678434 1.634915 -2.718667
5.448434 2.930315 -1.733367
4.565734 3.350315 -0.742867
3.250234 2.912815 -0.740667
4.996634 2.067215 -2.727067
7.042134 0.828215 -2.596667
7.496234 1.686515 -1.602267
6.703434 2.739415 -1.173967
5.786534 1.014815 -3.170167
5.390634 -1.355285 -3.157667
6.642834 -1.554285 -2.582367
7.462934 -0.468085 -2.308667
4.966334 -0.070285 -3.450067
