3.619508 -4.139737 11.051820
4.490808 -4.553737 10.056220
2.731608 -5.040137 11.632320
4.464808 -5.873737 9.629820
4.556408 -6.163837 8.271420
4.603308 -3.519737 9.132620
4.695808 -3.815437 7.778520
4.672208 -5.132637 7.343720
1.013708 -3.377637 11.591520
1.889308 -2.468537 11.018620
1.423408 -4.667037 11.902320
3.197208 -2.851337 10.747420
3.804908 -2.462737 9.563420
1.189708 -1.703537 10.097020
1.790408 -1.324937 8.901720
3.104608 -1.702537 8.635120
-0.637292 -5.552837 11.059920
-1.058092 -4.263937 10.749820
0.608108 -5.755537 11.638220
-0.234392 -3.177037 11.015620
-0.131292 -2.144537 10.096320
-1.778392 -4.324237 9.565120
-1.669692 -3.289337 8.639020
-0.841692 -2.201237 8.904320
0.962208 -7.643637 10.200920
-0.289992 -7.442737 9.628120
1.413708 -6.798737 11.209720
-1.095592 -6.395337 10.058620
-1.807192 -5.644437 9.134520
-0.201292 -7.736437 8.274720
-0.901192 -6.974237 7.347420
-1.711292 -5.925237 7.776620
3.589408 -6.785637 10.200220
3.142508 -7.631237 9.193720
2.731508 -6.366937 11.207920
1.820808 -8.063037 9.194620
1.109008 -8.120737 8.005020
3.741908 -7.255337 8.000420
3.032008 -7.302137 6.806420
1.709008 -7.735737 6.811320
-0.729792 -5.308637 5.866520
-0.294992 -6.599737 6.156120
1.014508 -6.977237 5.879920
0.171508 -4.411437 5.297320
-0.699592 -2.675837 6.726620
-1.595492 -3.576837 7.283320
-1.612592 -4.893237 6.853720
0.186908 -3.089637 5.737320
1.956908 -1.794237 6.722620
1.074208 -1.374237 7.713120
-0.241292 -1.811737 7.715320
1.505108 -2.657337 5.728920
3.550608 -3.896337 5.859320
4.004708 -3.038037 6.853720
3.211908 -1.985137 7.282020
2.295008 -3.709737 5.285820
1.899108 -6.079837 5.298320
3.151308 -6.278837 5.873620
3.971408 -5.192637 6.147320
1.474808 -4.794837 5.005920
