-2.030976 -2.020613 40.647774
-1.159676 -2.434613 39.652174
-2.918876 -2.921013 41.228274
-1.185676 -3.754613 39.225774
-1.094076 -4.044713 37.867374
-1.047176 -1.400613 38.728574
-0.954676 -1.696313 37.374474
-0.978276 -3.013513 36.939674
-4.636776 -1.258513 41.187474
-3.761176 -0.349413 40.614574
-4.227076 -2.547913 41.498274
-2.453276 -0.732213 40.343374
-1.845576 -0.343613 39.159374
-4.460776 0.415587 39.692974
-3.860076 0.794187 38.497674
-2.545876 0.416587 38.231074
-6.287776 -3.433713 40.655874
-6.708576 -2.144813 40.345774
-5.042376 -3.636413 41.234174
-5.884876 -1.057913 40.611574
-5.781776 -0.025413 39.692274
-7.428876 -2.205113 39.161074
-7.320176 -1.170213 38.234974
-6.492176 -0.082113 38.500274
-4.688276 -5.524513 39.796874
-5.940476 -5.323613 39.224074
-4.236776 -4.679613 40.805674
-6.746076 -4.276213 39.654574
-7.457676 -3.525313 38.730474
-5.851776 -5.617313 37.870674
-6.551676 -4.855113 36.943374
-7.361776 -3.806113 37.372574
-2.061076 -4.666513 39.796174
-2.507976 -5.512113 38.789674
-2.918976 -4.247813 40.803874
-3.829676 -5.943913 38.790574
-4.541476 -6.001613 37.600974
-1.908576 -5.136213 37.596374
-2.618476 -5.183013 36.402374
-3.941476 -5.616613 36.407274
-6.380276 -3.189513 35.462474
-5.945476 -4.480613 35.752074
-4.635976 -4.858113 35.475874
-5.478976 -2.292313 34.893274
-6.350076 -0.556713 36.322574
-7.245976 -1.457713 36.879274
-7.263076 -2.774113 36.449674
-5.463576 -0.970513 35.333274
-3.693576 0.324887 36.318574
-4.576276 0.744887 37.309074
-5.891776 0.307387 37.311274
-4.145376 -0.538213 35.324874
-2.099876 -1.777213 35.455274
-1.645776 -0.918913 36.449674
-2.438576 0.133987 36.877974
-3.355476 -1.590613 34.881774
-3.751376 -3.960713 34.894274
-2.499176 -4.159713 35.469574
-1.679076 -3.073513 35.743274
-4.175676 -2.675713 34.601874
