-1.683464 3.681008 27.963794
-0.812164 3.267008 26.968194
-2.571364 2.780608 28.544294
-0.838164 1.947008 26.541794
-0.746564 1.656908 25.183394
-0.699664 4.301008 26.044594
-0.607164 4.005308 24.690494
-0.630764 2.688108 24.255694
-4.289264 4.443108 28.503494
-3.413664 5.352208 27.930594
-3.879564 3.153708 28.814294
-2.105764 4.969408 27.659394
-1.498064 5.358008 26.475394
-4.113264 6.117208 27.008994
-3.512564 6.495808 25.813694
-2.198364 6.118208 25.547094
-5.940264 2.267908 27.971894
-6.361064 3.556808 27.661794
-4.694864 2.065208 28.550194
-5.537364 4.643708 27.927594
-5.434264 5.676208 27.008294
-7.081364 3.496508 26.477094
-6.972664 4.531408 25.550994
-6.144664 5.619508 25.816294
-4.340764 0.177108 27.112894
-5.592964 0.378008 26.540094
-3.889264 1.022008 28.121694
-6.398564 1.425408 26.970594
-7.110164 2.176308 26.046494
-5.504264 0.084308 25.186694
-6.204164 0.846508 24.259394
-7.014264 1.895508 24.688594
-1.713564 1.035108 27.112194
-2.160464 0.189508 26.105694
-2.571464 1.453808 28.119894
-3.482164 -0.242292 26.106594
-4.193964 -0.299992 24.916994
-1.561064 0.565408 24.912394
-2.270964 0.518608 23.718394
-3.593964 0.085008 23.723294
-6.032764 2.512108 22.778494
-5.597964 1.221008 23.068094
-4.288464 0.843508 22.791894
-5.131464 3.409308 22.209294
-6.002564 5.144908 23.638594
-6.898464 4.243908 24.195294
-6.915564 2.927508 23.765694
-5.116064 4.731108 22.649294
-3.346064 6.026508 23.634594
-4.228764 6.446508 24.625094
-5.544264 6.009008 24.627294
-3.797864 5.163408 22.640894
-1.752364 3.924408 22.771294
-1.298264 4.782708 23.765694
-2.091064 5.835608 24.193994
-3.007964 4.111008 22.197794
-3.403864 1.740908 22.210294
-2.151664 1.541908 22.785594
-1.331564 2.628108 23.059294
-3.828164 3.025908 21.917894
