-1.419753 3.983140 70.243727
-0.548453 3.569140 69.248127
-2.307653 3.082740 70.824227
-0.574453 2.249140 68.821727
-0.482853 1.959040 67.463327
-0.435953 4.603140 68.324527
-0.343453 4.307440 66.970427
-0.367053 2.990240 66.535627
-4.025553 4.745240 70.783427
-3.149953 5.654340 70.210527
-3.615853 3.455840 71.094227
-1.842053 5.271540 69.939327
-1.234353 5.660140 68.755327
-3.849553 6.419340 69.288927
-3.248853 6.797940 68.093627
-1.934653 6.420340 67.827027
-5.676553 2.570040 70.251827
-6.097353 3.858940 69.941727
-4.431153 2.367340 70.830127
-5.273653 4.945840 70.207527
-5.170553 5.978340 69.288227
-6.817653 3.798640 68.757027
-6.708953 4.833540 67.830927
-5.880953 5.921640 68.096227
-4.077053 0.479240 69.392827
-5.329253 0.680140 68.820027
-3.625553 1.324140 70.401627
-6.134853 1.727540 69.250527
-6.846453 2.478440 68.326427
-5.240553 0.386440 67.466627
-5.940453 1.148640 66.539327
-6.750553 2.197640 66.968527
-1.449853 1.337240 69.392127
-1.896753 0.491640 68.385627
-2.307753 1.755940 70.399827
-3.218453 0.059840 68.386527
-3.930253 0.002140 67.196927
-1.297353 0.867540 67.192327
-2.007253 0.820740 65.998327
-3.330253 0.387140 66.003227
-5.769053 2.814240 65.058427
-5.334253 1.523140 65.348027
-4.024753 1.145640 65.071827
-4.867753 3.711440 64.489227
-5.738853 5.447040 65.918527
-6.634753 4.546040 66.475227
-6.651853 3.229640 66.045627
-4.852353 5.033240 64.929227
-3.082353 6.328640 65.914527
-3.965053 6.748640 66.905027
-5.280553 6.311140 66.907227
-3.534153 5.465540 64.920827
-1.488653 4.226540 65.051227
-1.034553 5.084840 66.045627
-1.827353 6.137740 66.473927
-2.744253 4.413140 64.477727
-3.140153 2.043040 64.490227
-1.887953 1.844040 65.065527
-1.067853 2.930240 65.339227
-3.564453 3.328040 64.197827
