4.182557 5.098204 57.559747
5.053857 4.684204 56.564147
3.294657 4.197804 58.140247
5.027857 3.364204 56.137747
5.119457 3.074104 54.779347
5.166357 5.718204 55.640547
5.258857 5.422504 54.286447
5.235257 4.105304 53.851647
1.576757 5.860304 58.099447
2.452357 6.769404 57.526547
1.986457 4.570904 58.410247
3.760257 6.386604 57.255347
4.367957 6.775204 56.071347
1.752757 7.534404 56.604947
2.353457 7.913004 55.409647
3.667657 7.535404 55.143047
-0.074243 3.685104 57.567847
-0.495043 4.974004 57.257747
1.171157 3.482404 58.146147
0.328657 6.060904 57.523547
0.431757 7.093404 56.604247
-1.215343 4.913704 56.073047
-1.106643 5.948604 55.146947
-0.278643 7.036704 55.412247
1.525257 1.594304 56.708847
0.273057 1.795204 56.136047
1.976757 2.439204 57.717647
-0.532543 2.842604 56.566547
-1.244143 3.593504 55.642447
0.361757 1.501504 54.782647
-0.338143 2.263704 53.855347
-1.148243 3.312704 54.284547
4.152457 2.452304 56.708147
3.705557 1.606704 55.701647
3.294557 2.871004 57.715847
2.383857 1.174904 55.702547
1.672057 1.117204 54.512947
4.304957 1.982604 54.508347
3.595057 1.935804 53.314347
2.272057 1.502204 53.319247
-0.166743 3.929304 52.374447
0.268057 2.638204 52.664047
1.577557 2.260704 52.387847
0.734557 4.826504 51.805247
-0.136543 6.562104 53.234547
-1.032443 5.661104 53.791247
-1.049543 4.344704 53.361647
0.749957 6.148304 52.245247
2.519957 7.443704 53.230547
1.637257 7.863704 54.221047
0.321757 7.426204 54.223247
2.068157 6.580604 52.236847
4.113657 5.341604 52.367247
4.567757 6.199904 53.361647
3.774957 7.252804 53.789947
2.858057 5.528204 51.793747
2.462157 3.158104 51.806247
3.714357 2.959104 52.381547
4.534457 4.045304 52.655247
2.037857 4.443104 51.513847
