7.106964 0.384298 23.735800
7.978264 -0.029702 22.740200
6.219064 -0.516102 24.316300
7.952264 -1.349702 22.313800
8.043864 -1.639802 20.955400
8.090764 1.004298 21.816600
8.183264 0.708598 20.462500
8.159664 -0.608602 20.027700
4.501164 1.146398 24.275500
5.376764 2.055498 23.702600
4.910864 -0.143002 24.586300
6.684664 1.672698 23.431400
7.292364 2.061298 22.247400
4.677164 2.820498 22.781000
5.277864 3.199098 21.585700
6.592064 2.821498 21.319100
2.850164 -1.028802 23.743900
2.429364 0.260098 23.433800
4.095564 -1.231502 24.322200
3.253064 1.346998 23.699600
3.356164 2.379498 22.780300
1.709064 0.199798 22.249100
1.817764 1.234698 21.323000
2.645764 2.322798 21.588300
4.449664 -3.119602 22.884900
3.197464 -2.918702 22.312100
4.901164 -2.274702 23.893700
2.391864 -1.871302 22.742600
1.680264 -1.120402 21.818500
3.286164 -3.212402 20.958700
2.586264 -2.450202 20.031400
1.776164 -1.401202 20.460600
7.076864 -2.261602 22.884200
6.629964 -3.107202 21.877700
6.218964 -1.842902 23.891900
5.308264 -3.539002 21.878600
4.596464 -3.596702 20.689000
7.229364 -2.731302 20.684400
6.519464 -2.778102 19.490400
5.196464 -3.211702 19.495300
2.757664 -0.784602 18.550500
3.192464 -2.075702 18.840100
4.501964 -2.453202 18.563900
3.658964 0.112598 17.981300
2.787864 1.848198 19.410600
1.891964 0.947198 19.967300
1.874864 -0.369202 19.537700
3.674364 1.434398 18.421300
5.444364 2.729798 19.406600
4.561664 3.149798 20.397100
3.246164 2.712298 20.399300
4.992564 1.866698 18.412900
7.038064 0.627698 18.543300
7.492164 1.485998 19.537700
6.699364 2.538898 19.966000
5.782464 0.814298 17.969800
5.386564 -1.555802 17.982300
6.638764 -1.754802 18.557600
7.458864 -0.668602 18.831300
4.962264 -0.270802 17.689900
