-1.921811 -2.188859 19.507807
-1.050511 -2.602859 18.512207
-2.809711 -3.089259 20.088307
-1.076511 -3.922859 18.085807
-0.984911 -4.212959 16.727407
-0.938011 -1.568859 17.588607
-0.845511 -1.864559 16.234507
-0.869111 -3.181759 15.799707
-4.527611 -1.426759 20.047507
-3.652011 -0.517659 19.474607
-4.117911 -2.716159 20.358307
-2.344111 -0.900459 19.203407
-1.736411 -0.511859 18.019407
-4.351611 0.247341 18.553007
-3.750911 0.625941 17.357707
-2.436711 0.248341 17.091107
-6.178611 -3.601959 19.515907
-6.599411 -2.313059 19.205807
-4.933211 -3.804659 20.094207
-5.775711 -1.226159 19.471607
-5.672611 -0.193659 18.552307
-7.319711 -2.373359 18.021107
-7.211011 -1.338459 17.095007
-6.383011 -0.250359 17.360307
-4.579111 -5.692759 18.656907
-5.831311 -5.491859 18.084107
-4.127611 -4.847859 19.665707
-6.636911 -4.444459 18.514607
-7.348511 -3.693559 17.590507
-5.742611 -5.785559 16.730707
-6.442511 -5.023359 15.803407
-7.252611 -3.974359 16.232607
-1.951911 -4.834759 18.656207
-2.398811 -5.680359 17.649707
-2.809811 -4.416059 19.663907
-3.720511 -6.112159 17.650607
-4.432311 -6.169859 16.461007
-1.799411 -5.304459 16.456407
-2.509311 -5.351259 15.262407
-3.832311 -5.784859 15.267307
-6.271111 -3.357759 14.322507
-5.836311 -4.648859 14.612107
-4.526811 -5.026359 14.335907
-5.369811 -2.460559 13.753307
-6.240911 -0.724959 15.182607
-7.136811 -1.625959 15.739307
-7.153911 -2.942359 15.309707
-5.354411 -1.138759 14.193307
-3.584411 0.156641 15.178607
-4.467111 0.576641 16.169107
-5.782611 0.139141 16.171307
-4.036211 -0.706459 14.184907
-1.990711 -1.945459 14.315307
-1.536611 -1.087159 15.309707
-2.329411 -0.034259 15.738007
-3.246311 -1.758859 13.741807
-3.642211 -4.128959 13.754307
-2.390011 -4.327959 14.329607
-1.569911 -3.241759 14.603307
-4.066511 -2.843959 13.461907
