7.074450 -0.015415 66.015734
7.945750 -0.429415 65.020134
6.186550 -0.915815 66.596234
7.919750 -1.749415 64.593734
8.011350 -2.039515 63.235334
8.058250 0.604585 64.096534
8.150750 0.308885 62.742434
8.127150 -1.008315 62.307634
4.468650 0.746685 66.555434
5.344250 1.655785 65.982534
4.878350 -0.542715 66.866234
6.652150 1.272985 65.711334
7.259850 1.661585 64.527334
4.644650 2.420785 65.060934
5.245350 2.799385 63.865634
6.559550 2.421785 63.599034
2.817650 -1.428515 66.023834
2.396850 -0.139615 65.713734
4.063050 -1.631215 66.602134
3.220550 0.947285 65.979534
3.323650 1.979785 65.060234
1.676550 -0.199915 64.529034
1.785250 0.834985 63.602934
2.613250 1.923085 63.868234
4.417150 -3.519315 65.164834
3.164950 -3.318415 64.592034
4.868650 -2.674415 66.173634
2.359350 -2.271015 65.022534
1.647750 -1.520115 64.098434
3.253650 -3.612115 63.238634
2.553750 -2.849915 62.311334
1.743650 -1.800915 62.740534
7.044350 -2.661315 65.164134
6.597450 -3.506915 64.157634
6.186450 -2.242615 66.171834
5.275750 -3.938715 64.158534
4.563950 -3.996415 62.968934
7.196850 -3.131015 62.964334
6.486950 -3.177815 61.770334
5.163950 -3.611415 61.775234
2.725150 -1.184315 60.830434
3.159950 -2.475415 61.120034
4.469450 -2.852915 60.843834
3.626450 -0.287115 60.261234
2.755350 1.448485 61.690534
1.859450 0.547485 62.247234
1.842350 -0.768915 61.817634
3.641850 1.034685 60.701234
5.411850 2.330085 61.686534
4.529150 2.750085 62.677034
3.213650 2.312585 62.679234
4.960050 1.466985 60.692834
7.005550 0.227985 60.823234
7.459650 1.086285 61.817634
6.666850 2.139185 62.245934
5.749950 0.414585 60.249734
5.354050 -1.955515 60.262234
6.606250 -2.154515 60.837534
7.426350 -1.068315 61.111234
4.929750 -0.670515 59.969834
