3.426630 -4.194706 32.191787
4.297930 -4.608706 31.196187
2.538730 -5.095106 32.772287
4.271930 -5.928706 30.769787
4.363530 -6.218806 29.411387
4.410430 -3.574706 30.272587
4.502930 -3.870406 28.918487
4.479330 -5.187606 28.483687
0.820830 -3.432606 32.731487
1.696430 -2.523506 32.158587
1.230530 -4.722006 33.042287
3.004330 -2.906306 31.887387
3.612030 -2.517706 30.703387
0.996830 -1.758506 31.236987
1.597530 -1.379906 30.041687
2.911730 -1.757506 29.775087
-0.830170 -5.607806 32.199887
-1.250970 -4.318906 31.889787
0.415230 -5.810506 32.778187
-0.427270 -3.232006 32.155587
-0.324170 -2.199506 31.236287
-1.971270 -4.379206 30.705087
-1.862570 -3.344306 29.778987
-1.034570 -2.256206 30.044287
0.769330 -7.698606 31.340887
-0.482870 -7.497706 30.768087
1.220830 -6.853706 32.349687
-1.288470 -6.450306 31.198587
-2.000070 -5.699406 30.274487
-0.394170 -7.791406 29.414687
-1.094070 -7.029206 28.487387
-1.904170 -5.980206 28.916587
3.396530 -6.840606 31.340187
2.949630 -7.686206 30.333687
2.538630 -6.421906 32.347887
1.627930 -8.118006 30.334587
0.916130 -8.175706 29.144987
3.549030 -7.310306 29.140387
2.839130 -7.357106 27.946387
1.516130 -7.790706 27.951287
-0.922670 -5.363606 27.006487
-0.487870 -6.654706 27.296087
0.821630 -7.032206 27.019887
-0.021370 -4.466406 26.437287
-0.892470 -2.730806 27.866587
-1.788370 -3.631806 28.423287
-1.805470 -4.948206 27.993687
-0.005970 -3.144606 26.877287
1.764030 -1.849206 27.862587
0.881330 -1.429206 28.853087
-0.434170 -1.866706 28.855287
1.312230 -2.712306 26.868887
3.357730 -3.951306 26.999287
3.811830 -3.093006 27.993687
3.019030 -2.040106 28.421987
2.102130 -3.764706 26.425787
1.706230 -6.134806 26.438287
2.958430 -6.333806 27.013587
3.778530 -5.247606 27.287287
1.281930 -4.849806 26.145887
