7.094763 0.184112 44.875767
7.966063 -0.229888 43.880167
6.206863 -0.716288 45.456267
7.940063 -1.549888 43.453767
8.031663 -1.839988 42.095367
8.078563 0.804112 42.956567
8.171063 0.508412 41.602467
8.147463 -0.808788 41.167667
4.488963 0.946212 45.415467
5.364563 1.855312 44.842567
4.898663 -0.343188 45.726267
6.672463 1.472512 44.571367
7.280163 1.861112 43.387367
4.664963 2.620312 43.920967
5.265663 2.998912 42.725667
6.579863 2.621312 42.459067
2.837963 -1.228988 44.883867
2.417163 0.059912 44.573767
4.083363 -1.431688 45.462167
3.240863 1.146812 44.839567
3.343963 2.179312 43.920267
1.696863 -0.000388 43.389067
1.805563 1.034512 42.462967
2.633563 2.122612 42.728267
4.437463 -3.319788 44.024867
3.185263 -3.118888 43.452067
4.888963 -2.474888 45.033667
2.379663 -2.071488 43.882567
1.668063 -1.320588 42.958467
3.273963 -3.412588 42.098667
2.574063 -2.650388 41.171367
1.763963 -1.601388 41.600567
7.064663 -2.461788 44.024167
6.617763 -3.307388 43.017667
6.206763 -2.043088 45.031867
5.296063 -3.739188 43.018567
4.584263 -3.796888 41.828967
7.217163 -2.931488 41.824367
6.507263 -2.978288 40.630367
5.184263 -3.411888 40.635267
2.745463 -0.984788 39.690467
3.180263 -2.275888 39.980067
4.489763 -2.653388 39.703867
3.646763 -0.087588 39.121267
2.775663 1.648012 40.550567
1.879763 0.747012 41.107267
1.862663 -0.569388 40.677667
3.662163 1.234212 39.561267
5.432163 2.529612 40.546567
4.549463 2.949612 41.537067
3.233963 2.512112 41.539267
4.980363 1.666512 39.552867
7.025863 0.427512 39.683267
7.479963 1.285812 40.677667
6.687163 2.338712 41.105967
5.770263 0.614112 39.109767
5.374363 -1.755988 39.122267
6.626563 -1.954988 39.697567
7.446663 -0.868788 39.971267
4.950063 -0.470988 38.829867
