3.034981 -4.280955 74.471721
3.906281 -4.694955 73.476121
2.147081 -5.181355 75.052221
3.880281 -6.014955 73.049721
3.971881 -6.305055 71.691321
4.018781 -3.660955 72.552521
4.111281 -3.956655 71.198421
4.087681 -5.273855 70.763621
0.429181 -3.518855 75.011421
1.304781 -2.609755 74.438521
0.838881 -4.808255 75.322221
2.612681 -2.992555 74.167321
3.220381 -2.603955 72.983321
0.605181 -1.844755 73.516921
1.205881 -1.466155 72.321621
2.520081 -1.843755 72.055021
-1.221819 -5.694055 74.479821
-1.642619 -4.405155 74.169721
0.023581 -5.896755 75.058121
-0.818919 -3.318255 74.435521
-0.715819 -2.285755 73.516221
-2.362919 -4.465455 72.985021
-2.254219 -3.430555 72.058921
-1.426219 -2.342455 72.324221
0.377681 -7.784855 73.620821
-0.874519 -7.583955 73.048021
0.829181 -6.939955 74.629621
-1.680119 -6.536555 73.478521
-2.391719 -5.785655 72.554421
-0.785819 -7.877655 71.694621
-1.485719 -7.115455 70.767321
-2.295819 -6.066455 71.196521
3.004881 -6.926855 73.620121
2.557981 -7.772455 72.613621
2.146981 -6.508155 74.627821
1.236281 -8.204255 72.614521
0.524481 -8.261955 71.424921
3.157381 -7.396555 71.420321
2.447481 -7.443355 70.226321
1.124481 -7.876955 70.231221
-1.314319 -5.449855 69.286421
-0.879519 -6.740955 69.576021
0.429981 -7.118455 69.299821
-0.413019 -4.552655 68.717221
-1.284119 -2.817055 70.146521
-2.180019 -3.718055 70.703221
-2.197119 -5.034455 70.273621
-0.397619 -3.230855 69.157221
1.372381 -1.935455 70.142521
0.489681 -1.515455 71.133021
-0.825819 -1.952955 71.135221
0.920581 -2.798555 69.148821
2.966081 -4.037555 69.279221
3.420181 -3.179255 70.273621
2.627381 -2.126355 70.701921
1.710481 -3.850955 68.705721
1.314581 -6.221055 68.718221
2.566781 -6.420055 69.293521
3.386881 -5.333855 69.567221
0.890281 -4.936055 68.425821
