-2.133225 -1.848077 61.787741
-1.261925 -2.262077 60.792141
-3.021125 -2.748477 62.368241
-1.287925 -3.582077 60.365741
-1.196325 -3.872177 59.007341
-1.149425 -1.228077 59.868541
-1.056925 -1.523777 58.514441
-1.080525 -2.840977 58.079641
-4.739025 -1.085977 62.327441
-3.863425 -0.176877 61.754541
-4.329325 -2.375377 62.638241
-2.555525 -0.559677 61.483341
-1.947825 -0.171077 60.299341
-4.563025 0.588123 60.832941
-3.962325 0.966723 59.637641
-2.648125 0.589123 59.371041
-6.390025 -3.261177 61.795841
-6.810825 -1.972277 61.485741
-5.144625 -3.463877 62.374141
-5.987125 -0.885377 61.751541
-5.884025 0.147123 60.832241
-7.531125 -2.032577 60.301041
-7.422425 -0.997677 59.374941
-6.594425 0.090423 59.640241
-4.790525 -5.351977 60.936841
-6.042725 -5.151077 60.364041
-4.339025 -4.507077 61.945641
-6.848325 -4.103677 60.794541
-7.559925 -3.352777 59.870441
-5.954025 -5.444777 59.010641
-6.653925 -4.682577 58.083341
-7.464025 -3.633577 58.512541
-2.163325 -4.493977 60.936141
-2.610225 -5.339577 59.929641
-3.021225 -4.075277 61.943841
-3.931925 -5.771377 59.930541
-4.643725 -5.829077 58.740941
-2.010825 -4.963677 58.736341
-2.720725 -5.010477 57.542341
-4.043725 -5.444077 57.547241
-6.482525 -3.016977 56.602441
-6.047725 -4.308077 56.892041
-4.738225 -4.685577 56.615841
-5.581225 -2.119777 56.033241
-6.452325 -0.384177 57.462541
-7.348225 -1.285177 58.019241
-7.365325 -2.601577 57.589641
-5.565825 -0.797977 56.473241
-3.795825 0.497423 57.458541
-4.678525 0.917423 58.449041
-5.994025 0.479923 58.451241
-4.247625 -0.365677 56.464841
-2.202125 -1.604677 56.595241
-1.748025 -0.746377 57.589641
-2.540825 0.306523 58.017941
-3.457725 -1.418077 56.021741
-3.853625 -3.788177 56.034241
-2.601425 -3.987177 56.609541
-1.781325 -2.900977 56.883241
-4.277925 -2.503177 55.741841
