3.231681 -4.241805 53.331754
4.102981 -4.655805 52.336154
2.343781 -5.142205 53.912254
4.076981 -5.975805 51.909754
4.168581 -6.265905 50.551354
4.215481 -3.621805 51.412554
4.307981 -3.917505 50.058454
4.284381 -5.234705 49.623654
0.625881 -3.479705 53.871454
1.501481 -2.570605 53.298554
1.035581 -4.769105 54.182254
2.809381 -2.953405 53.027354
3.417081 -2.564805 51.843354
0.801881 -1.805605 52.376954
1.402581 -1.427005 51.181654
2.716781 -1.804605 50.915054
-1.025119 -5.654905 53.339854
-1.445919 -4.366005 53.029754
0.220281 -5.857605 53.918154
-0.622219 -3.279105 53.295554
-0.519119 -2.246605 52.376254
-2.166219 -4.426305 51.845054
-2.057519 -3.391405 50.918954
-1.229519 -2.303305 51.184254
0.574381 -7.745705 52.480854
-0.677819 -7.544805 51.908054
1.025881 -6.900805 53.489654
-1.483419 -6.497405 52.338554
-2.195019 -5.746505 51.414454
-0.589119 -7.838505 50.554654
-1.289019 -7.076305 49.627354
-2.099119 -6.027305 50.056554
3.201581 -6.887705 52.480154
2.754681 -7.733305 51.473654
2.343681 -6.469005 53.487854
1.432981 -8.165105 51.474554
0.721181 -8.222805 50.284954
3.354081 -7.357405 50.280354
2.644181 -7.404205 49.086354
1.321181 -7.837805 49.091254
-1.117619 -5.410705 48.146454
-0.682819 -6.701805 48.436054
0.626681 -7.079305 48.159854
-0.216319 -4.513505 47.577254
-1.087419 -2.777905 49.006554
-1.983319 -3.678905 49.563254
-2.000419 -4.995305 49.133654
-0.200919 -3.191705 48.017254
1.569081 -1.896305 49.002554
0.686381 -1.476305 49.993054
-0.629119 -1.913805 49.995254
1.117281 -2.759405 48.008854
3.162781 -3.998405 48.139254
3.616881 -3.140105 49.133654
2.824081 -2.087205 49.561954
1.907181 -3.811805 47.565754
1.511281 -6.181905 47.578254
2.763481 -6.380905 48.153554
3.583581 -5.294705 48.427254
1.086981 -4.896905 47.285854
