-1.554674 3.834750 49.103760
-0.683374 3.420750 48.108160
-2.442574 2.934350 49.684260
-0.709374 2.100750 47.681760
-0.617774 1.810650 46.323360
-0.570874 4.454750 47.184560
-0.478374 4.159050 45.830460
-0.501974 2.841850 45.395660
-4.160474 4.596850 49.643460
-3.284874 5.505950 49.070560
-3.750774 3.307450 49.954260
-1.976974 5.123150 48.799360
-1.369274 5.511750 47.615360
-3.984474 6.270950 48.148960
-3.383774 6.649550 46.953660
-2.069574 6.271950 46.687060
-5.811474 2.421650 49.111860
-6.232274 3.710550 48.801760
-4.566074 2.218950 49.690160
-5.408574 4.797450 49.067560
-5.305474 5.829950 48.148260
-6.952574 3.650250 47.617060
-6.843874 4.685150 46.690960
-6.015874 5.773250 46.956260
-4.211974 0.330850 48.252860
-5.464174 0.531750 47.680060
-3.760474 1.175750 49.261660
-6.269774 1.579150 48.110560
-6.981374 2.330050 47.186460
-5.375474 0.238050 46.326660
-6.075374 1.000250 45.399360
-6.885474 2.049250 45.828560
-1.584774 1.188850 48.252160
-2.031674 0.343250 47.245660
-2.442674 1.607550 49.259860
-3.353374 -0.088550 47.246560
-4.065174 -0.146250 46.056960
-1.432274 0.719150 46.052360
-2.142174 0.672350 44.858360
-3.465174 0.238750 44.863260
-5.903974 2.665850 43.918460
-5.469174 1.374750 44.208060
-4.159674 0.997250 43.931860
-5.002674 3.563050 43.349260
-5.873774 5.298650 44.778560
-6.769674 4.397650 45.335260
-6.786774 3.081250 44.905660
-4.987274 4.884850 43.789260
-3.217274 6.180250 44.774560
-4.099974 6.600250 45.765060
-5.415474 6.162750 45.767260
-3.669074 5.317150 43.780860
-1.623574 4.078150 43.911260
-1.169474 4.936450 44.905660
-1.962274 5.989350 45.333960
-2.879174 4.264750 43.337760
-3.275074 1.894650 43.350260
-2.022874 1.695650 43.925560
-1.202774 2.781850 44.199260
-3.699374 3.179650 43.057860
