-1.805910 3.522167 6.823827
-0.934610 3.108167 5.828227
-2.693810 2.621767 7.404327
-0.960610 1.788167 5.401827
-0.869010 1.498067 4.043427
-0.822110 4.142167 4.904627
-0.729610 3.846467 3.550527
-0.753210 2.529267 3.115727
-4.411710 4.284267 7.363527
-3.536110 5.193367 6.790627
-4.002010 2.994867 7.674327
-2.228210 4.810567 6.519427
-1.620510 5.199167 5.335427
-4.235710 5.958367 5.869027
-3.635010 6.336967 4.673727
-2.320810 5.959367 4.407127
-6.062710 2.109067 6.831927
-6.483510 3.397967 6.521827
-4.817310 1.906367 7.410227
-5.659810 4.484867 6.787627
-5.556710 5.517367 5.868327
-7.203810 3.337667 5.337127
-7.095110 4.372567 4.411027
-6.267110 5.460667 4.676327
-4.463210 0.018267 5.972927
-5.715410 0.219167 5.400127
-4.011710 0.863167 6.981727
-6.521010 1.266567 5.830627
-7.232610 2.017467 4.906527
-5.626710 -0.074533 4.046727
-6.326610 0.687667 3.119427
-7.136710 1.736667 3.548627
-1.836010 0.876267 5.972227
-2.282910 0.030667 4.965727
-2.693910 1.294967 6.979927
-3.604610 -0.401133 4.966627
-4.316410 -0.458833 3.777027
-1.683510 0.406567 3.772427
-2.393410 0.359767 2.578427
-3.716410 -0.073833 2.583327
-6.155210 2.353267 1.638527
-5.720410 1.062167 1.928127
-4.410910 0.684667 1.651927
-5.253910 3.250467 1.069327
-6.125010 4.986067 2.498627
-7.020910 4.085067 3.055327
-7.038010 2.768667 2.625727
-5.238510 4.572267 1.509327
-3.468510 5.867667 2.494627
-4.351210 6.287667 3.485127
-5.666710 5.850167 3.487327
-3.920310 5.004567 1.500927
-1.874810 3.765567 1.631327
-1.420710 4.623867 2.625727
-2.213510 5.676767 3.054027
-3.130410 3.952167 1.057827
-3.526310 1.582067 1.070327
-2.274110 1.383067 1.645627
-1.454010 2.469267 1.919327
-3.950610 2.867067 0.777927
