3.997783 5.176191 36.419780
4.869083 4.762191 35.424180
3.109883 4.275791 37.000280
4.843083 3.442191 34.997780
4.934683 3.152091 33.639380
4.981583 5.796191 34.500580
5.074083 5.500491 33.146480
5.050483 4.183291 32.711680
1.391983 5.938291 36.959480
2.267583 6.847391 36.386580
1.801683 4.648891 37.270280
3.575483 6.464591 36.115380
4.183183 6.853191 34.931380
1.567983 7.612391 35.464980
2.168683 7.990991 34.269680
3.482883 7.613391 34.003080
-0.259017 3.763091 36.427880
-0.679817 5.051991 36.117780
0.986383 3.560391 37.006180
0.143883 6.138891 36.383580
0.246983 7.171391 35.464280
-1.400117 4.991691 34.933080
-1.291417 6.026591 34.006980
-0.463417 7.114691 34.272280
1.340483 1.672291 35.568880
0.088283 1.873191 34.996080
1.791983 2.517191 36.577680
-0.717317 2.920591 35.426580
-1.428917 3.671491 34.502480
0.176983 1.579491 33.642680
-0.522917 2.341691 32.715380
-1.333017 3.390691 33.144580
3.967683 2.530291 35.568180
3.520783 1.684691 34.561680
3.109783 2.948991 36.575880
2.199083 1.252891 34.562580
1.487283 1.195191 33.372980
4.120183 2.060591 33.368380
3.410283 2.013791 32.174380
2.087283 1.580191 32.179280
-0.351517 4.007291 31.234480
0.083283 2.716191 31.524080
1.392783 2.338691 31.247880
0.549783 4.904491 30.665280
-0.321317 6.640091 32.094580
-1.217217 5.739091 32.651280
-1.234317 4.422691 32.221680
0.565183 6.226291 31.105280
2.335183 7.521691 32.090580
1.452483 7.941691 33.081080
0.136983 7.504191 33.083280
1.883383 6.658591 31.096880
3.928883 5.419591 31.227280
4.382983 6.277891 32.221680
3.590183 7.330791 32.649980
2.673283 5.606191 30.653780
2.277383 3.236091 30.666280
3.529583 3.037091 31.241580
4.349683 4.123291 31.515280
1.853083 4.521091 30.373880
