-2.228389 -1.671535 82.927707
-1.357089 -2.085535 81.932107
-3.116289 -2.571935 83.508207
-1.383089 -3.405535 81.505707
-1.291489 -3.695635 80.147307
-1.244589 -1.051535 81.008507
-1.152089 -1.347235 79.654407
-1.175689 -2.664435 79.219607
-4.834189 -0.909435 83.467407
-3.958589 -0.000335 82.894507
-4.424489 -2.198835 83.778207
-2.650689 -0.383135 82.623307
-2.042989 0.005465 81.439307
-4.658189 0.764665 81.972907
-4.057489 1.143265 80.777607
-2.743289 0.765665 80.511007
-6.485189 -3.084635 82.935807
-6.905989 -1.795735 82.625707
-5.239789 -3.287335 83.514107
-6.082289 -0.708835 82.891507
-5.979189 0.323665 81.972207
-7.626289 -1.856035 81.441007
-7.517589 -0.821135 80.514907
-6.689589 0.266965 80.780207
-4.885689 -5.175435 82.076807
-6.137889 -4.974535 81.504007
-4.434189 -4.330535 83.085607
-6.943489 -3.927135 81.934507
-7.655089 -3.176235 81.010407
-6.049189 -5.268235 80.150607
-6.749089 -4.506035 79.223307
-7.559189 -3.457035 79.652507
-2.258489 -4.317435 82.076107
-2.705389 -5.163035 81.069607
-3.116389 -3.898735 83.083807
-4.027089 -5.594835 81.070507
-4.738889 -5.652535 79.880907
-2.105989 -4.787135 79.876307
-2.815889 -4.833935 78.682307
-4.138889 -5.267535 78.687207
-6.577689 -2.840435 77.742407
-6.142889 -4.131535 78.032007
-4.833389 -4.509035 77.755807
-5.676389 -1.943235 77.173207
-6.547489 -0.207635 78.602507
-7.443389 -1.108635 79.159207
-7.460489 -2.425035 78.729607
-5.660989 -0.621435 77.613207
-3.890989 0.673965 78.598507
-4.773689 1.093965 79.589007
-6.089189 0.656465 79.591207
-4.342789 -0.189135 77.604807
-2.297289 -1.428135 77.735207
-1.843189 -0.569835 78.729607
-2.635989 0.483065 79.157907
-3.552889 -1.241535 77.161707
-3.948789 -3.611635 77.174207
-2.696589 -3.810635 77.749507
-1.876489 -2.724435 78.023207
-4.373089 -2.326635 76.881807
