4.364015 5.012785 78.699714
5.235315 4.598785 77.704114
3.476115 4.112385 79.280214
5.209315 3.278785 77.277714
5.300915 2.988685 75.919314
5.347815 5.632785 76.780514
5.440315 5.337085 75.426414
5.416715 4.019885 74.991614
1.758215 5.774885 79.239414
2.633815 6.683985 78.666514
2.167915 4.485485 79.550214
3.941715 6.301185 78.395314
4.549415 6.689785 77.211314
1.934215 7.448985 77.744914
2.534915 7.827585 76.549614
3.849115 7.449985 76.283014
0.107215 3.599685 78.707814
-0.313585 4.888585 78.397714
1.352615 3.396985 79.286114
0.510115 5.975485 78.663514
0.613215 7.007985 77.744214
-1.033885 4.828285 77.213014
-0.925185 5.863185 76.286914
-0.097185 6.951285 76.552214
1.706715 1.508885 77.848814
0.454515 1.709785 77.276014
2.158215 2.353785 78.857614
-0.351085 2.757185 77.706514
-1.062685 3.508085 76.782414
0.543215 1.416085 75.922614
-0.156685 2.178285 74.995314
-0.966785 3.227285 75.424514
4.333915 2.366885 77.848114
3.887015 1.521285 76.841614
3.476015 2.785585 78.855814
2.565315 1.089485 76.842514
1.853515 1.031785 75.652914
4.486415 1.897185 75.648314
3.776515 1.850385 74.454314
2.453515 1.416785 74.459214
0.014715 3.843885 73.514414
0.449515 2.552785 73.804014
1.759015 2.175285 73.527814
0.916015 4.741085 72.945214
0.044915 6.476685 74.374514
-0.850985 5.575685 74.931214
-0.868085 4.259285 74.501614
0.931415 6.062885 73.385214
2.701415 7.358285 74.370514
1.818715 7.778285 75.361014
0.503215 7.340785 75.363214
2.249615 6.495185 73.376814
4.295115 5.256185 73.507214
4.749215 6.114485 74.501614
3.956415 7.167385 74.929914
3.039515 5.442785 72.933714
2.643615 3.072685 72.946214
3.895815 2.873685 73.521514
4.715915 3.959885 73.795214
2.219315 4.357685 72.653814
