2.168762 0.584815 23.188633
3.040062 0.170815 22.193033
1.280862 -0.315585 23.769133
3.014062 -1.149185 21.766633
3.105662 -1.439285 20.408233
3.152562 1.204815 21.269433
3.245062 0.909115 19.915333
3.221462 -0.408085 19.480533
-0.437038 1.346915 23.728333
0.438562 2.256015 23.155433
-0.027338 0.057515 24.039133
1.746462 1.873215 22.884233
2.354162 2.261815 21.700233
-0.261038 3.021015 22.233833
0.339662 3.399615 21.038533
1.653862 3.022015 20.771933
-2.088038 -0.828285 23.196733
-2.508838 0.460615 22.886633
-0.842638 -1.030985 23.775033
-1.685138 1.547515 23.152433
-1.582038 2.580015 22.233133
-3.229138 0.400315 21.701933
-3.120438 1.435215 20.775833
-2.292438 2.523315 21.041133
-0.488538 -2.919085 22.337733
-1.740738 -2.718185 21.764933
-0.037038 -2.074185 23.346533
-2.546338 -1.670785 22.195433
-3.257938 -0.919885 21.271333
-1.652038 -3.011885 20.411533
-2.351938 -2.249685 19.484233
-3.162038 -1.200685 19.913433
2.138662 -2.061085 22.337033
1.691762 -2.906685 21.330533
1.280762 -1.642385 23.344733
0.370062 -3.338485 21.331433
-0.341738 -3.396185 20.141833
2.291162 -2.530785 20.137233
1.581262 -2.577585 18.943233
0.258262 -3.011185 18.948133
-2.180538 -0.584085 18.003333
-1.745738 -1.875185 18.292933
-0.436238 -2.252685 18.016733
-1.279238 0.313115 17.434133
-2.150338 2.048715 18.863433
-3.046238 1.147715 19.420133
-3.063338 -0.168685 18.990533
-1.263838 1.634915 17.874133
0.506162 2.930315 18.859433
-0.376538 3.350315 19.849933
-1.692038 2.912815 19.852133
0.054362 2.067215 17.865733
2.099862 0.828215 17.996133
2.553962 1.686515 18.990533
1.761162 2.739415 19.418833
0.844262 1.014815 17.422633
0.448362 -1.355285 17.435133
1.700562 -1.554285 18.010433
2.520662 -0.468085 18.284133
0.024062 -0.070285 17.142733
