2.168762 0.584815 84.967033
3.040062 0.170815 83.971433
1.280862 -0.315585 85.547533
3.014062 -1.149185 83.545033
3.105662 -1.439285 82.186633
3.152562 1.204815 83.047833
3.245062 0.909115 81.693733
3.221462 -0.408085 81.258933
-0.437038 1.346915 85.506733
0.438562 2.256015 84.933833
-0.027338 0.057515 85.817533
1.746462 1.873215 84.662633
2.354162 2.261815 83.478633
-0.261038 3.021015 84.012233
0.339662 3.399615 82.816933
1.653862 3.022015 82.550333
-2.088038 -0.828285 84.975133
-2.508838 0.460615 84.665033
-0.842638 -1.030985 85.553433
-1.685138 1.547515 84.930833
-1.582038 2.580015 84.011533
-3.229138 0.400315 83.480333
-3.120438 1.435215 82.554233
-2.292438 2.523315 82.819533
-0.488538 -2.919085 84.116133
-1.740738 -2.718185 83.543333
-0.037038 -2.074185 85.124933
-2.546338 -1.670785 83.973833
-3.257938 -0.919885 83.049733
-1.652038 -3.011885 82.189933
-2.351938 -2.249685 81.262633
-3.162038 -1.200685 81.691833
2.138662 -2.061085 84.115433
1.691762 -2.906685 83.108933
1.280762 -1.642385 85.123133
0.370062 -3.338485 83.109833
-0.341738 -3.396185 81.920233
2.291162 -2.530785 81.915633
1.581262 -2.577585 80.721633
0.258262 -3.011185 80.726533
-2.180538 -0.584085 79.781733
-1.745738 -1.875185 80.071333
-0.436238 -2.252685 79.795133
-1.279238 0.313115 79.212533
-2.150338 2.048715 80.641833
-3.046238 1.147715 81.198533
-3.063338 -0.168685 80.768933
-1.263838 1.634915 79.652533
0.506162 2.930315 80.637833
-0.376538 3.350315 81.628333
-1.692038 2.912815 81.630533
0.054362 2.067215 79.644133
2.099862 0.828215 79.774533
2.553962 1.686515 80.768933
1.761162 2.739415 81.197233
0.844262 1.014815 79.201033
0.448362 -1.355285 79.213533
1.700562 -1.554285 79.788833
2.520662 -0.468085 80.062533
0.024062 -0.070285 78.921133
