2.168762 0.584815 146.745433
3.040062 0.170815 145.749833
1.280862 -0.315585 147.325933
3.014062 -1.149185 145.323433
3.105662 -1.439285 143.965033
3.152562 1.204815 144.826233
3.245062 0.909115 143.472133
3.221462 -0.408085 143.037333
-0.437038 1.346915 147.285133
0.438562 2.256015 146.712233
-0.027338 0.057515 147.595933
1.746462 1.873215 146.441033
2.354162 2.261815 145.257033
-0.261038 3.021015 145.790633
0.339662 3.399615 144.595333
1.653862 3.022015 144.328733
-2.088038 -0.828285 146.753533
-2.508838 0.460615 146.443433
-0.842638 -1.030985 147.331833
-1.685138 1.547515 146.709233
-1.582038 2.580015 145.789933
-3.229138 0.400315 145.258733
-3.120438 1.435215 144.332633
-2.292438 2.523315 144.597933
-0.488538 -2.919085 145.894533
-1.740738 -2.718185 145.321733
-0.037038 -2.074185 146.903333
-2.546338 -1.670785 145.752233
-3.257938 -0.919885 144.828133
-1.652038 -3.011885 143.968333
-2.351938 -2.249685 143.041033
-3.162038 -1.200685 143.470233
2.138662 -2.061085 145.893833
1.691762 -2.906685 144.887333
1.280762 -1.642385 146.901533
0.370062 -3.338485 144.888233
-0.341738 -3.396185 143.698633
2.291162 -2.530785 143.694033
1.581262 -2.577585 142.500033
0.258262 -3.011185 142.504933
-2.180538 -0.584085 141.560133
-1.745738 -1.875185 141.849733
-0.436238 -2.252685 141.573533
-1.279238 0.313115 140.990933
-2.150338 2.048715 142.420233
-3.046238 1.147715 142.976933
-3.063338 -0.168685 142.547333
-1.263838 1.634915 141.430933
0.506162 2.930315 142.416233
-0.376538 3.350315 143.406733
-1.692038 2.912815 143.408933
0.054362 2.067215 141.422533
2.099862 0.828215 141.552933
2.553962 1.686515 142.547333
1.761162 2.739415 142.975633
0.844262 1.014815 140.979433
0.448362 -1.355285 140.991933
1.700562 -1.554285 141.567233
2.520662 -0.468085 141.840933
0.024062 -0.070285 140.699533
