2.168762 0.584815 157.041833
3.040062 0.170815 156.046233
1.280862 -0.315585 157.622333
3.014062 -1.149185 155.619833
3.105662 -1.439285 154.261433
3.152562 1.204815 155.122633
3.245062 0.909115 153.768533
3.221462 -0.408085 153.333733
-0.437038 1.346915 157.581533
0.438562 2.256015 157.008633
-0.027338 0.057515 157.892333
1.746462 1.873215 156.737433
2.354162 2.261815 155.553433
-0.261038 3.021015 156.087033
0.339662 3.399615 154.891733
1.653862 3.022015 154.625133
-2.088038 -0.828285 157.049933
-2.508838 0.460615 156.739833
-0.842638 -1.030985 157.628233
-1.685138 1.547515 157.005633
-1.582038 2.580015 156.086333
-3.229138 0.400315 155.555133
-3.120438 1.435215 154.629033
-2.292438 2.523315 154.894333
-0.488538 -2.919085 156.190933
-1.740738 -2.718185 155.618133
-0.037038 -2.074185 157.199733
-2.546338 -1.670785 156.048633
-3.257938 -0.919885 155.124533
-1.652038 -3.011885 154.264733
-2.351938 -2.249685 153.337433
-3.162038 -1.200685 153.766633
2.138662 -2.061085 156.190233
1.691762 -2.906685 155.183733
1.280762 -1.642385 157.197933
0.370062 -3.338485 155.184633
-0.341738 -3.396185 153.995033
2.291162 -2.530785 153.990433
1.581262 -2.577585 152.796433
0.258262 -3.011185 152.801333
-2.180538 -0.584085 151.856533
-1.745738 -1.875185 152.146133
-0.436238 -2.252685 151.869933
-1.279238 0.313115 151.287333
-2.150338 2.048715 152.716633
-3.046238 1.147715 153.273333
-3.063338 -0.168685 152.843733
-1.263838 1.634915 151.727333
0.506162 2.930315 152.712633
-0.376538 3.350315 153.703133
-1.692038 2.912815 153.705333
0.054362 2.067215 151.718933
2.099862 0.828215 151.849333
2.553962 1.686515 152.843733
1.761162 2.739415 153.272033
0.844262 1.014815 151.275833
0.448362 -1.355285 151.288333
1.700562 -1.554285 151.863633
2.520662 -0.468085 152.137333
0.024062 -0.070285 150.995933
