2.168762 0.584815 33.485033
3.040062 0.170815 32.489433
1.280862 -0.315585 34.065533
3.014062 -1.149185 32.063033
3.105662 -1.439285 30.704633
3.152562 1.204815 31.565833
3.245062 0.909115 30.211733
3.221462 -0.408085 29.776933
-0.437038 1.346915 34.024733
0.438562 2.256015 33.451833
-0.027338 0.057515 34.335533
1.746462 1.873215 33.180633
2.354162 2.261815 31.996633
-0.261038 3.021015 32.530233
0.339662 3.399615 31.334933
1.653862 3.022015 31.068333
-2.088038 -0.828285 33.493133
-2.508838 0.460615 33.183033
-0.842638 -1.030985 34.071433
-1.685138 1.547515 33.448833
-1.582038 2.580015 32.529533
-3.229138 0.400315 31.998333
-3.120438 1.435215 31.072233
-2.292438 2.523315 31.337533
-0.488538 -2.919085 32.634133
-1.740738 -2.718185 32.061333
-0.037038 -2.074185 33.642933
-2.546338 -1.670785 32.491833
-3.257938 -0.919885 31.567733
-1.652038 -3.011885 30.707933
-2.351938 -2.249685 29.780633
-3.162038 -1.200685 30.209833
2.138662 -2.061085 32.633433
1.691762 -2.906685 31.626933
1.280762 -1.642385 33.641133
0.370062 -3.338485 31.627833
-0.341738 -3.396185 30.438233
2.291162 -2.530785 30.433633
1.581262 -2.577585 29.239633
0.258262 -3.011185 29.244533
-2.180538 -0.584085 28.299733
-1.745738 -1.875185 28.589333
-0.436238 -2.252685 28.313133
-1.279238 0.313115 27.730533
-2.150338 2.048715 29.159833
-3.046238 1.147715 29.716533
-3.063338 -0.168685 29.286933
-1.263838 1.634915 28.170533
0.506162 2.930315 29.155833
-0.376538 3.350315 30.146333
-1.692038 2.912815 30.148533
0.054362 2.067215 28.162133
2.099862 0.828215 28.292533
2.553962 1.686515 29.286933
1.761162 2.739415 29.715233
0.844262 1.014815 27.719033
0.448362 -1.355285 27.731533
1.700562 -1.554285 28.306833
2.520662 -0.468085 28.580533
0.024062 -0.070285 27.439133
