2.168762 0.584815 12.892233
3.040062 0.170815 11.896633
1.280862 -0.315585 13.472733
3.014062 -1.149185 11.470233
3.105662 -1.439285 10.111833
3.152562 1.204815 10.973033
3.245062 0.909115 9.618933
3.221462 -0.408085 9.184133
-0.437038 1.346915 13.431933
0.438562 2.256015 12.859033
-0.027338 0.057515 13.742733
1.746462 1.873215 12.587833
2.354162 2.261815 11.403833
-0.261038 3.021015 11.937433
0.339662 3.399615 10.742133
1.653862 3.022015 10.475533
-2.088038 -0.828285 12.900333
-2.508838 0.460615 12.590233
-0.842638 -1.030985 13.478633
-1.685138 1.547515 12.856033
-1.582038 2.580015 11.936733
-3.229138 0.400315 11.405533
-3.120438 1.435215 10.479433
-2.292438 2.523315 10.744733
-0.488538 -2.919085 12.041333
-1.740738 -2.718185 11.468533
-0.037038 -2.074185 13.050133
-2.546338 -1.670785 11.899033
-3.257938 -0.919885 10.974933
-1.652038 -3.011885 10.115133
-2.351938 -2.249685 9.187833
-3.162038 -1.200685 9.617033
2.138662 -2.061085 12.040633
1.691762 -2.906685 11.034133
1.280762 -1.642385 13.048333
0.370062 -3.338485 11.035033
-0.341738 -3.396185 9.845433
2.291162 -2.530785 9.840833
1.581262 -2.577585 8.646833
0.258262 -3.011185 8.651733
-2.180538 -0.584085 7.706933
-1.745738 -1.875185 7.996533
-0.436238 -2.252685 7.720333
-1.279238 0.313115 7.137733
-2.150338 2.048715 8.567033
-3.046238 1.147715 9.123733
-3.063338 -0.168685 8.694133
-1.263838 1.634915 7.577733
0.506162 2.930315 8.563033
-0.376538 3.350315 9.553533
-1.692038 2.912815 9.555733
0.054362 2.067215 7.569333
2.099862 0.828215 7.699733
2.553962 1.686515 8.694133
1.761162 2.739415 9.122433
0.844262 1.014815 7.126233
0.448362 -1.355285 7.138733
1.700562 -1.554285 7.714033
2.520662 -0.468085 7.987733
0.024062 -0.070285 6.846333
