2.168762 0.584815 105.559833
3.040062 0.170815 104.564233
1.280862 -0.315585 106.140333
3.014062 -1.149185 104.137833
3.105662 -1.439285 102.779433
3.152562 1.204815 103.640633
3.245062 0.909115 102.286533
3.221462 -0.408085 101.851733
-0.437038 1.346915 106.099533
0.438562 2.256015 105.526633
-0.027338 0.057515 106.410333
1.746462 1.873215 105.255433
2.354162 2.261815 104.071433
-0.261038 3.021015 104.605033
0.339662 3.399615 103.409733
1.653862 3.022015 103.143133
-2.088038 -0.828285 105.567933
-2.508838 0.460615 105.257833
-0.842638 -1.030985 106.146233
-1.685138 1.547515 105.523633
-1.582038 2.580015 104.604333
-3.229138 0.400315 104.073133
-3.120438 1.435215 103.147033
-2.292438 2.523315 103.412333
-0.488538 -2.919085 104.708933
-1.740738 -2.718185 104.136133
-0.037038 -2.074185 105.717733
-2.546338 -1.670785 104.566633
-3.257938 -0.919885 103.642533
-1.652038 -3.011885 102.782733
-2.351938 -2.249685 101.855433
-3.162038 -1.200685 102.284633
2.138662 -2.061085 104.708233
1.691762 -2.906685 103.701733
1.280762 -1.642385 105.715933
0.370062 -3.338485 103.702633
-0.341738 -3.396185 102.513033
2.291162 -2.530785 102.508433
1.581262 -2.577585 101.314433
0.258262 -3.011185 101.319333
-2.180538 -0.584085 100.374533
-1.745738 -1.875185 100.664133
-0.436238 -2.252685 100.387933
-1.279238 0.313115 99.805333
-2.150338 2.048715 101.234633
-3.046238 1.147715 101.791333
-3.063338 -0.168685 101.361733
-1.263838 1.634915 100.245333
0.506162 2.930315 101.230633
-0.376538 3.350315 102.221133
-1.692038 2.912815 102.223333
0.054362 2.067215 100.236933
2.099862 0.828215 100.367333
2.553962 1.686515 101.361733
1.761162 2.739415 101.790033
0.844262 1.014815 99.793833
0.448362 -1.355285 99.806333
1.700562 -1.554285 100.381633
2.520662 -0.468085 100.655333
0.024062 -0.070285 99.513933
