2.168762 0.584815 95.263433
3.040062 0.170815 94.267833
1.280862 -0.315585 95.843933
3.014062 -1.149185 93.841433
3.105662 -1.439285 92.483033
3.152562 1.204815 93.344233
3.245062 0.909115 91.990133
3.221462 -0.408085 91.555333
-0.437038 1.346915 95.803133
0.438562 2.256015 95.230233
-0.027338 0.057515 96.113933
1.746462 1.873215 94.959033
2.354162 2.261815 93.775033
-0.261038 3.021015 94.308633
0.339662 3.399615 93.113333
1.653862 3.022015 92.846733
-2.088038 -0.828285 95.271533
-2.508838 0.460615 94.961433
-0.842638 -1.030985 95.849833
-1.685138 1.547515 95.227233
-1.582038 2.580015 94.307933
-3.229138 0.400315 93.776733
-3.120438 1.435215 92.850633
-2.292438 2.523315 93.115933
-0.488538 -2.919085 94.412533
-1.740738 -2.718185 93.839733
-0.037038 -2.074185 95.421333
-2.546338 -1.670785 94.270233
-3.257938 -0.919885 93.346133
-1.652038 -3.011885 92.486333
-2.351938 -2.249685 91.559033
-3.162038 -1.200685 91.988233
2.138662 -2.061085 94.411833
1.691762 -2.906685 93.405333
1.280762 -1.642385 95.419533
0.370062 -3.338485 93.406233
-0.341738 -3.396185 92.216633
2.291162 -2.530785 92.212033
1.581262 -2.577585 91.018033
0.258262 -3.011185 91.022933
-2.180538 -0.584085 90.078133
-1.745738 -1.875185 90.367733
-0.436238 -2.252685 90.091533
-1.279238 0.313115 89.508933
-2.150338 2.048715 90.938233
-3.046238 1.147715 91.494933
-3.063338 -0.168685 91.065333
-1.263838 1.634915 89.948933
0.506162 2.930315 90.934233
-0.376538 3.350315 91.924733
-1.692038 2.912815 91.926933
0.054362 2.067215 89.940533
2.099862 0.828215 90.070933
2.553962 1.686515 91.065333
1.761162 2.739415 91.493633
0.844262 1.014815 89.497433
0.448362 -1.355285 89.509933
1.700562 -1.554285 90.085233
2.520662 -0.468085 90.358933
0.024062 -0.070285 89.217533
