2.168762 0.584815 74.670633
3.040062 0.170815 73.675033
1.280862 -0.315585 75.251133
3.014062 -1.149185 73.248633
3.105662 -1.439285 71.890233
3.152562 1.204815 72.751433
3.245062 0.909115 71.397333
3.221462 -0.408085 70.962533
-0.437038 1.346915 75.210333
0.438562 2.256015 74.637433
-0.027338 0.057515 75.521133
1.746462 1.873215 74.366233
2.354162 2.261815 73.182233
-0.261038 3.021015 73.715833
0.339662 3.399615 72.520533
1.653862 3.022015 72.253933
-2.088038 -0.828285 74.678733
-2.508838 0.460615 74.368633
-0.842638 -1.030985 75.257033
-1.685138 1.547515 74.634433
-1.582038 2.580015 73.715133
-3.229138 0.400315 73.183933
-3.120438 1.435215 72.257833
-2.292438 2.523315 72.523133
-0.488538 -2.919085 73.819733
-1.740738 -2.718185 73.246933
-0.037038 -2.074185 74.828533
-2.546338 -1.670785 73.677433
-3.257938 -0.919885 72.753333
-1.652038 -3.011885 71.893533
-2.351938 -2.249685 70.966233
-3.162038 -1.200685 71.395433
2.138662 -2.061085 73.819033
1.691762 -2.906685 72.812533
1.280762 -1.642385 74.826733
0.370062 -3.338485 72.813433
-0.341738 -3.396185 71.623833
2.291162 -2.530785 71.619233
1.581262 -2.577585 70.425233
0.258262 -3.011185 70.430133
-2.180538 -0.584085 69.485333
-1.745738 -1.875185 69.774933
-0.436238 -2.252685 69.498733
-1.279238 0.313115 68.916133
-2.150338 2.048715 70.345433
-3.046238 1.147715 70.902133
-3.063338 -0.168685 70.472533
-1.263838 1.634915 69.356133
0.506162 2.930315 70.341433
-0.376538 3.350315 71.331933
-1.692038 2.912815 71.334133
0.054362 2.067215 69.347733
2.099862 0.828215 69.478133
2.553962 1.686515 70.472533
1.761162 2.739415 70.900833
0.844262 1.014815 68.904633
0.448362 -1.355285 68.917133
1.700562 -1.554285 69.492433
2.520662 -0.468085 69.766133
0.024062 -0.070285 68.624733
