2.168762 0.584815 64.374233
3.040062 0.170815 63.378633
1.280862 -0.315585 64.954733
3.014062 -1.149185 62.952233
3.105662 -1.439285 61.593833
3.152562 1.204815 62.455033
3.245062 0.909115 61.100933
3.221462 -0.408085 60.666133
-0.437038 1.346915 64.913933
0.438562 2.256015 64.341033
-0.027338 0.057515 65.224733
1.746462 1.873215 64.069833
2.354162 2.261815 62.885833
-0.261038 3.021015 63.419433
0.339662 3.399615 62.224133
1.653862 3.022015 61.957533
-2.088038 -0.828285 64.382333
-2.508838 0.460615 64.072233
-0.842638 -1.030985 64.960633
-1.685138 1.547515 64.338033
-1.582038 2.580015 63.418733
-3.229138 0.400315 62.887533
-3.120438 1.435215 61.961433
-2.292438 2.523315 62.226733
-0.488538 -2.919085 63.523333
-1.740738 -2.718185 62.950533
-0.037038 -2.074185 64.532133
-2.546338 -1.670785 63.381033
-3.257938 -0.919885 62.456933
-1.652038 -3.011885 61.597133
-2.351938 -2.249685 60.669833
-3.162038 -1.200685 61.099033
2.138662 -2.061085 63.522633
1.691762 -2.906685 62.516133
1.280762 -1.642385 64.530333
0.370062 -3.338485 62.517033
-0.341738 -3.396185 61.327433
2.291162 -2.530785 61.322833
1.581262 -2.577585 60.128833
0.258262 -3.011185 60.133733
-2.180538 -0.584085 59.188933
-1.745738 -1.875185 59.478533
-0.436238 -2.252685 59.202333
-1.279238 0.313115 58.619733
-2.150338 2.048715 60.049033
-3.046238 1.147715 60.605733
-3.063338 -0.168685 60.176133
-1.263838 1.634915 59.059733
0.506162 2.930315 60.045033
-0.376538 3.350315 61.035533
-1.692038 2.912815 61.037733
0.054362 2.067215 59.051333
2.099862 0.828215 59.181733
2.553962 1.686515 60.176133
1.761162 2.739415 60.604433
0.844262 1.014815 58.608233
0.448362 -1.355285 58.620733
1.700562 -1.554285 59.196033
2.520662 -0.468085 59.469733
0.024062 -0.070285 58.328333
