2.168762 0.584815 54.077833
3.040062 0.170815 53.082233
1.280862 -0.315585 54.658333
3.014062 -1.149185 52.655833
3.105662 -1.439285 51.297433
3.152562 1.204815 52.158633
3.245062 0.909115 50.804533
3.221462 -0.408085 50.369733
-0.437038 1.346915 54.617533
0.438562 2.256015 54.044633
-0.027338 0.057515 54.928333
1.746462 1.873215 53.773433
2.354162 2.261815 52.589433
-0.261038 3.021015 53.123033
0.339662 3.399615 51.927733
1.653862 3.022015 51.661133
-2.088038 -0.828285 54.085933
-2.508838 0.460615 53.775833
-0.842638 -1.030985 54.664233
-1.685138 1.547515 54.041633
-1.582038 2.580015 53.122333
-3.229138 0.400315 52.591133
-3.120438 1.435215 51.665033
-2.292438 2.523315 51.930333
-0.488538 -2.919085 53.226933
-1.740738 -2.718185 52.654133
-0.037038 -2.074185 54.235733
-2.546338 -1.670785 53.084633
-3.257938 -0.919885 52.160533
-1.652038 -3.011885 51.300733
-2.351938 -2.249685 50.373433
-3.162038 -1.200685 50.802633
2.138662 -2.061085 53.226233
1.691762 -2.906685 52.219733
1.280762 -1.642385 54.233933
0.370062 -3.338485 52.220633
-0.341738 -3.396185 51.031033
2.291162 -2.530785 51.026433
1.581262 -2.577585 49.832433
0.258262 -3.011185 49.837333
-2.180538 -0.584085 48.892533
-1.745738 -1.875185 49.182133
-0.436238 -2.252685 48.905933
-1.279238 0.313115 48.323333
-2.150338 2.048715 49.752633
-3.046238 1.147715 50.309333
-3.063338 -0.168685 49.879733
-1.263838 1.634915 48.763333
0.506162 2.930315 49.748633
-0.376538 3.350315 50.739133
-1.692038 2.912815 50.741333
0.054362 2.067215 48.754933
2.099862 0.828215 48.885333
2.553962 1.686515 49.879733
1.761162 2.739415 50.308033
0.844262 1.014815 48.311833
0.448362 -1.355285 48.324333
1.700562 -1.554285 48.899633
2.520662 -0.468085 49.173333
0.024062 -0.070285 48.031933
