2.168762 0.584815 115.856233
3.040062 0.170815 114.860633
1.280862 -0.315585 116.436733
3.014062 -1.149185 114.434233
3.105662 -1.439285 113.075833
3.152562 1.204815 113.937033
3.245062 0.909115 112.582933
3.221462 -0.408085 112.148133
-0.437038 1.346915 116.395933
0.438562 2.256015 115.823033
-0.027338 0.057515 116.706733
1.746462 1.873215 115.551833
2.354162 2.261815 114.367833
-0.261038 3.021015 114.901433
0.339662 3.399615 113.706133
1.653862 3.022015 113.439533
-2.088038 -0.828285 115.864333
-2.508838 0.460615 115.554233
-0.842638 -1.030985 116.442633
-1.685138 1.547515 115.820033
-1.582038 2.580015 114.900733
-3.229138 0.400315 114.369533
-3.120438 1.435215 113.443433
-2.292438 2.523315 113.708733
-0.488538 -2.919085 115.005333
-1.740738 -2.718185 114.432533
-0.037038 -2.074185 116.014133
-2.546338 -1.670785 114.863033
-3.257938 -0.919885 113.938933
-1.652038 -3.011885 113.079133
-2.351938 -2.249685 112.151833
-3.162038 -1.200685 112.581033
2.138662 -2.061085 115.004633
1.691762 -2.906685 113.998133
1.280762 -1.642385 116.012333
0.370062 -3.338485 113.999033
-0.341738 -3.396185 112.809433
2.291162 -2.530785 112.804833
1.581262 -2.577585 111.610833
0.258262 -3.011185 111.615733
-2.180538 -0.584085 110.670933
-1.745738 -1.875185 110.960533
-0.436238 -2.252685 110.684333
-1.279238 0.313115 110.101733
-2.150338 2.048715 111.531033
-3.046238 1.147715 112.087733
-3.063338 -0.168685 111.658133
-1.263838 1.634915 110.541733
0.506162 2.930315 111.527033
-0.376538 3.350315 112.517533
-1.692038 2.912815 112.519733
0.054362 2.067215 110.533333
2.099862 0.828215 110.663733
2.553962 1.686515 111.658133
1.761162 2.739415 112.086433
0.844262 1.014815 110.090233
0.448362 -1.355285 110.102733
1.700562 -1.554285 110.678033
2.520662 -0.468085 110.951733
0.024062 -0.070285 109.810333
