2.168762 0.584815 126.152633
3.040062 0.170815 125.157033
1.280862 -0.315585 126.733133
3.014062 -1.149185 124.730633
3.105662 -1.439285 123.372233
3.152562 1.204815 124.233433
3.245062 0.909115 122.879333
3.221462 -0.408085 122.444533
-0.437038 1.346915 126.692333
0.438562 2.256015 126.119433
-0.027338 0.057515 127.003133
1.746462 1.873215 125.848233
2.354162 2.261815 124.664233
-0.261038 3.021015 125.197833
0.339662 3.399615 124.002533
1.653862 3.022015 123.735933
-2.088038 -0.828285 126.160733
-2.508838 0.460615 125.850633
-0.842638 -1.030985 126.739033
-1.685138 1.547515 126.116433
-1.582038 2.580015 125.197133
-3.229138 0.400315 124.665933
-3.120438 1.435215 123.739833
-2.292438 2.523315 124.005133
-0.488538 -2.919085 125.301733
-1.740738 -2.718185 124.728933
-0.037038 -2.074185 126.310533
-2.546338 -1.670785 125.159433
-3.257938 -0.919885 124.235333
-1.652038 -3.011885 123.375533
-2.351938 -2.249685 122.448233
-3.162038 -1.200685 122.877433
2.138662 -2.061085 125.301033
1.691762 -2.906685 124.294533
1.280762 -1.642385 126.308733
0.370062 -3.338485 124.295433
-0.341738 -3.396185 123.105833
2.291162 -2.530785 123.101233
1.581262 -2.577585 121.907233
0.258262 -3.011185 121.912133
-2.180538 -0.584085 120.967333
-1.745738 -1.875185 121.256933
-0.436238 -2.252685 120.980733
-1.279238 0.313115 120.398133
-2.150338 2.048715 121.827433
-3.046238 1.147715 122.384133
-3.063338 -0.168685 121.954533
-1.263838 1.634915 120.838133
0.506162 2.930315 121.823433
-0.376538 3.350315 122.813933
-1.692038 2.912815 122.816133
0.054362 2.067215 120.829733
2.099862 0.828215 120.960133
2.553962 1.686515 121.954533
1.761162 2.739415 122.382833
0.844262 1.014815 120.386633
0.448362 -1.355285 120.399133
1.700562 -1.554285 120.974433
2.520662 -0.468085 121.248133
0.024062 -0.070285 120.106733
