2.168762 0.584815 2.595833
3.040062 0.170815 1.600233
1.280862 -0.315585 3.176333
3.014062 -1.149185 1.173833
3.105662 -1.439285 -0.184567
3.152562 1.204815 0.676633
3.245062 0.909115 -0.677467
3.221462 -0.408085 -1.112267
-0.437038 1.346915 3.135533
0.438562 2.256015 2.562633
-0.027338 0.057515 3.446333
1.746462 1.873215 2.291433
2.354162 2.261815 1.107433
-0.261038 3.021015 1.641033
0.339662 3.399615 0.445733
1.653862 3.022015 0.179133
-2.088038 -0.828285 2.603933
-2.508838 0.460615 2.293833
-0.842638 -1.030985 3.182233
-1.685138 1.547515 2.559633
-1.582038 2.580015 1.640333
-3.229138 0.400315 1.109133
-3.120438 1.435215 0.183033
-2.292438 2.523315 0.448333
-0.488538 -2.919085 1.744933
-1.740738 -2.718185 1.172133
-0.037038 -2.074185 2.753733
-2.546338 -1.670785 1.602633
-3.257938 -0.919885 0.678533
-1.652038 -3.011885 -0.181267
-2.351938 -2.249685 -1.108567
-3.162038 -1.200685 -0.679367
2.138662 -2.061085 1.744233
1.691762 -2.906685 0.737733
1.280762 -1.642385 2.751933
0.370062 -3.338485 0.738633
-0.341738 -3.396185 -0.450967
2.291162 -2.530785 -0.455567
1.581262 -2.577585 -1.649567
0.258262 -3.011185 -1.644667
-2.180538 -0.584085 -2.589467
-1.745738 -1.875185 -2.299867
-0.436238 -2.252685 -2.576067
-1.279238 0.313115 -3.158667
-2.150338 2.048715 -1.729367
-3.046238 1.147715 -1.172667
-3.063338 -0.168685 -1.602267
-1.263838 1.634915 -2.718667
0.506162 2.930315 -1.733367
-0.376538 3.350315 -0.742867
-1.692038 2.912815 -0.740667
0.054362 2.067215 -2.727067
2.099862 0.828215 -2.596667
2.553962 1.686515 -1.602267
1.761162 2.739415 -1.173967
0.844262 1.014815 -3.170167
0.448362 -1.355285 -3.157667
1.700562 -1.554285 -2.582367
2.520662 -0.468085 -2.308667
0.024062 -0.070285 -3.450067
