2.168762 0.584815 43.781433
3.040062 0.170815 42.785833
1.280862 -0.315585 44.361933
3.014062 -1.149185 42.359433
3.105662 -1.439285 41.001033
3.152562 1.204815 41.862233
3.245062 0.909115 40.508133
3.221462 -0.408085 40.073333
-0.437038 1.346915 44.321133
0.438562 2.256015 43.748233
-0.027338 0.057515 44.631933
1.746462 1.873215 43.477033
2.354162 2.261815 42.293033
-0.261038 3.021015 42.826633
0.339662 3.399615 41.631333
1.653862 3.022015 41.364733
-2.088038 -0.828285 43.789533
-2.508838 0.460615 43.479433
-0.842638 -1.030985 44.367833
-1.685138 1.547515 43.745233
-1.582038 2.580015 42.825933
-3.229138 0.400315 42.294733
-3.120438 1.435215 41.368633
-2.292438 2.523315 41.633933
-0.488538 -2.919085 42.930533
-1.740738 -2.718185 42.357733
-0.037038 -2.074185 43.939333
-2.546338 -1.670785 42.788233
-3.257938 -0.919885 41.864133
-1.652038 -3.011885 41.004333
-2.351938 -2.249685 40.077033
-3.162038 -1.200685 40.506233
2.138662 -2.061085 42.929833
1.691762 -2.906685 41.923333
1.280762 -1.642385 43.937533
0.370062 -3.338485 41.924233
-0.341738 -3.396185 40.734633
2.291162 -2.530785 40.730033
1.581262 -2.577585 39.536033
0.258262 -3.011185 39.540933
-2.180538 -0.584085 38.596133
-1.745738 -1.875185 38.885733
-0.436238 -2.252685 38.609533
-1.279238 0.313115 38.026933
-2.150338 2.048715 39.456233
-3.046238 1.147715 40.012933
-3.063338 -0.168685 39.583333
-1.263838 1.634915 38.466933
0.506162 2.930315 39.452233
-0.376538 3.350315 40.442733
-1.692038 2.912815 40.444933
0.054362 2.067215 38.458533
2.099862 0.828215 38.588933
2.553962 1.686515 39.583333
1.761162 2.739415 40.011633
0.844262 1.014815 38.015433
0.448362 -1.355285 38.027933
1.700562 -1.554285 38.603233
2.520662 -0.468085 38.876933
0.024062 -0.070285 37.735533
