2.168762 0.584815 167.338233
3.040062 0.170815 166.342633
1.280862 -0.315585 167.918733
3.014062 -1.149185 165.916233
3.105662 -1.439285 164.557833
3.152562 1.204815 165.419033
3.245062 0.909115 164.064933
3.221462 -0.408085 163.630133
-0.437038 1.346915 167.877933
0.438562 2.256015 167.305033
-0.027338 0.057515 168.188733
1.746462 1.873215 167.033833
2.354162 2.261815 165.849833
-0.261038 3.021015 166.383433
0.339662 3.399615 165.188133
1.653862 3.022015 164.921533
-2.088038 -0.828285 167.346333
-2.508838 0.460615 167.036233
-0.842638 -1.030985 167.924633
-1.685138 1.547515 167.302033
-1.582038 2.580015 166.382733
-3.229138 0.400315 165.851533
-3.120438 1.435215 164.925433
-2.292438 2.523315 165.190733
-0.488538 -2.919085 166.487333
-1.740738 -2.718185 165.914533
-0.037038 -2.074185 167.496133
-2.546338 -1.670785 166.345033
-3.257938 -0.919885 165.420933
-1.652038 -3.011885 164.561133
-2.351938 -2.249685 163.633833
-3.162038 -1.200685 164.063033
2.138662 -2.061085 166.486633
1.691762 -2.906685 165.480133
1.280762 -1.642385 167.494333
0.370062 -3.338485 165.481033
-0.341738 -3.396185 164.291433
2.291162 -2.530785 164.286833
1.581262 -2.577585 163.092833
0.258262 -3.011185 163.097733
-2.180538 -0.584085 162.152933
-1.745738 -1.875185 162.442533
-0.436238 -2.252685 162.166333
-1.279238 0.313115 161.583733
-2.150338 2.048715 163.013033
-3.046238 1.147715 163.569733
-3.063338 -0.168685 163.140133
-1.263838 1.634915 162.023733
0.506162 2.930315 163.009033
-0.376538 3.350315 163.999533
-1.692038 2.912815 164.001733
0.054362 2.067215 162.015333
2.099862 0.828215 162.145733
2.553962 1.686515 163.140133
1.761162 2.739415 163.568433
0.844262 1.014815 161.572233
0.448362 -1.355285 161.584733
1.700562 -1.554285 162.160033
2.520662 -0.468085 162.433733
0.024062 -0.070285 161.292333
