2.168762 0.584815 136.449033
3.040062 0.170815 135.453433
1.280862 -0.315585 137.029533
3.014062 -1.149185 135.027033
3.105662 -1.439285 133.668633
3.152562 1.204815 134.529833
3.245062 0.909115 133.175733
3.221462 -0.408085 132.740933
-0.437038 1.346915 136.988733
0.438562 2.256015 136.415833
-0.027338 0.057515 137.299533
1.746462 1.873215 136.144633
2.354162 2.261815 134.960633
-0.261038 3.021015 135.494233
0.339662 3.399615 134.298933
1.653862 3.022015 134.032333
-2.088038 -0.828285 136.457133
-2.508838 0.460615 136.147033
-0.842638 -1.030985 137.035433
-1.685138 1.547515 136.412833
-1.582038 2.580015 135.493533
-3.229138 0.400315 134.962333
-3.120438 1.435215 134.036233
-2.292438 2.523315 134.301533
-0.488538 -2.919085 135.598133
-1.740738 -2.718185 135.025333
-0.037038 -2.074185 136.606933
-2.546338 -1.670785 135.455833
-3.257938 -0.919885 134.531733
-1.652038 -3.011885 133.671933
-2.351938 -2.249685 132.744633
-3.162038 -1.200685 133.173833
2.138662 -2.061085 135.597433
1.691762 -2.906685 134.590933
1.280762 -1.642385 136.605133
0.370062 -3.338485 134.591833
-0.341738 -3.396185 133.402233
2.291162 -2.530785 133.397633
1.581262 -2.577585 132.203633
0.258262 -3.011185 132.208533
-2.180538 -0.584085 131.263733
-1.745738 -1.875185 131.553333
-0.436238 -2.252685 131.277133
-1.279238 0.313115 130.694533
-2.150338 2.048715 132.123833
-3.046238 1.147715 132.680533
-3.063338 -0.168685 132.250933
-1.263838 1.634915 131.134533
0.506162 2.930315 132.119833
-0.376538 3.350315 133.110333
-1.692038 2.912815 133.112533
0.054362 2.067215 131.126133
2.099862 0.828215 131.256533
2.553962 1.686515 132.250933
1.761162 2.739415 132.679233
0.844262 1.014815 130.683033
0.448362 -1.355285 130.695533
1.700562 -1.554285 131.270833
2.520662 -0.468085 131.544533
0.024062 -0.070285 130.403133
