2.168762 0.584815 177.634633
3.040062 0.170815 176.639033
1.280862 -0.315585 178.215133
3.014062 -1.149185 176.212633
3.105662 -1.439285 174.854233
3.152562 1.204815 175.715433
3.245062 0.909115 174.361333
3.221462 -0.408085 173.926533
-0.437038 1.346915 178.174333
0.438562 2.256015 177.601433
-0.027338 0.057515 178.485133
1.746462 1.873215 177.330233
2.354162 2.261815 176.146233
-0.261038 3.021015 176.679833
0.339662 3.399615 175.484533
1.653862 3.022015 175.217933
-2.088038 -0.828285 177.642733
-2.508838 0.460615 177.332633
-0.842638 -1.030985 178.221033
-1.685138 1.547515 177.598433
-1.582038 2.580015 176.679133
-3.229138 0.400315 176.147933
-3.120438 1.435215 175.221833
-2.292438 2.523315 175.487133
-0.488538 -2.919085 176.783733
-1.740738 -2.718185 176.210933
-0.037038 -2.074185 177.792533
-2.546338 -1.670785 176.641433
-3.257938 -0.919885 175.717333
-1.652038 -3.011885 174.857533
-2.351938 -2.249685 173.930233
-3.162038 -1.200685 174.359433
2.138662 -2.061085 176.783033
1.691762 -2.906685 175.776533
1.280762 -1.642385 177.790733
0.370062 -3.338485 175.777433
-0.341738 -3.396185 174.587833
2.291162 -2.530785 174.583233
1.581262 -2.577585 173.389233
0.258262 -3.011185 173.394133
-2.180538 -0.584085 172.449333
-1.745738 -1.875185 172.738933
-0.436238 -2.252685 172.462733
-1.279238 0.313115 171.880133
-2.150338 2.048715 173.309433
-3.046238 1.147715 173.866133
-3.063338 -0.168685 173.436533
-1.263838 1.634915 172.320133
0.506162 2.930315 173.305433
-0.376538 3.350315 174.295933
-1.692038 2.912815 174.298133
0.054362 2.067215 172.311733
2.099862 0.828215 172.442133
2.553962 1.686515 173.436533
1.761162 2.739415 173.864833
0.844262 1.014815 171.868633
0.448362 -1.355285 171.881133
1.700562 -1.554285 172.456433
2.520662 -0.468085 172.730133
0.024062 -0.070285 171.588733
